1281425
248947527
1217601
1229306
1318343
1192839
376686149
465145490
1273568
706826170
719994541
1242778
686864635
420998210
318321133
571710171
1273385
769636652
826377965
1201382
822671684
806256469
805852910
903538348
901805401
870501442
979323151
1372238
1094763808
1222871503
1324751942
1355033020
1405710391
1132805
1252180
1209783
1510059600
1288693
1584996612
1574726947
1324964
1574219875
1117770
1238886
1578137255
1293051
1593208065
11413796
1638412980
1221185
1289204
1570785341
1605466394
1253785
1528394671
1516731385
1472085034
1287145
1408056808
1406535684
1286287
1439795468
1664874
1459798126
1315787
1473857086
1306676
1449261799
1266886749
1363681
1284673
1216721708
1170979
2374155
965280633
731022858
682674251
1202046
688944020
676299825
667367320
642985951
1275977
447019500
1310731
1124371
1278273
454394712
688818284
716427165
1204886
655490365
657186802
1332326
621899635
529750858
1276261
1245062
361092032
1484127
422060149
1295528
1316157
335506583
246352692
273220958
333296375
393432323
605054452
1263036
604213017
1223560
476681622
789348725
982162248
1055916778
1399747
1096249309
1228112
1045985179
1267713
897343005
900824445
931540198
1351221
932715614
875183531
1209681
796464110
1239019
1441447
660649253
587212205
1266418
601040609
584047895
1425870
501798643
412388085
2415744
332164637
1152450
413142006
1244049
416381995
1105463
1165647
1322624
244864006
245159481
240909266
1612442
514858265
1307607
1272258
615363902
568266227
1360174
1258331
627768015
627182744
1010603
548145626
1209725
614343912
1449543
628064482
1284843
549196764
1110141
1061587
1141670
1128554
823904
1408980
1292146
787181919
816223619
1247253
1225539
802030324
818030942
441518548
437310402
1234593
335732466
1286806
420264836
410336394
1304247
326744180
1346904
1236067
247690623
1495224
1329587
248870627
15217901
276630765
304370473
1318262
303241985
1269920
1968766
308967005
1363379
299807203
1312521
1318653
1413989
244066625
813105999
822541980
726989379
1215683
1274790
1299631
1282737
1252461
1297223
1144031186
1180328
1251122
1388017969
1287438
1434753762
1422871733
1277325
1395076
1379359578
1353028180
1296610381
1241352
1037452363
1007580421
958566834
877440751
1297016
1212947
2390516
768956159
1232230
861280388
992285033
1329770
1119349161
1254203
1275922
1165075171
1129910155
1073131571
987550950
1220523
733249776
718951228
641947538
639473112
641558493
1274405
640230181
2454089
830733227
873934849
1302170
1089466219
1164527552
1252965
1396473730
1481698
1496727005
1509638475
1537091389
1529723786
1606835771
1835998231
1965602043
1241099
1993637686
2038682329
2080751310
2099470265
1637526
2130134918
1350149
2139973239
2109034205
2242968
1893603582
1231546
1268062
1739935930
12500319
1678655084
1255363
1054330
1441803
1467838604
1441316662
1322787868
1423388
1572034
1330560843
1409958073
1416400760
11929388
1439878645
9931481
1439330635
1321177
1464866324
1414063522
1393687141
1308099
1293727298
1291010095
1309620
1536223327
1066701
9205034
1811201
1998620942
2019098370
1181203
2123419321
2126618180
2119161485
2087327459
1140816
2072020189
2009473985
1514577
1261963
1949246870
1276145
1954525013
1358096
1269308
1922949867
1298753
1953796874
1974491897
1951843808
2019999897
1996273514
1034706
1964142133
23014370
2026564873
1350723
2084142221
1300101
2000668105
2076260373
2029528350
1293850
1901109391
1850909400
1774070431
1320881
1638913617
1506070537
1198792
1523932270
1339079
1257285
1469152246
1116496
1517981598
1838989
1556827590
1163417
1558389144
1583843617
1191162
1693024616
1324574
1727166124
1254169
1708855238
1190665
1696789570
1226791
1643543787
1593406777
1481697715
2536049
1598908
1370724345
1369714368
1329263
1268410
1427533239
1559912967
12047010
1689267238
1766633365
2171876850
2246227270
1266624
2285874063
1318542
2301255500
2403100019
2350444240
1343735
2344958022
1289814
2307357740
2269248657
2246707117
2326696908
2308885883
2323588337
1417773
2297056139
25897012
2302811733
1131388
2344782671
1241975
2342067607
2373616439
2518055
2319230848
1269886
2244957269
2063412159
2021895800
1937570366
1935995305
1212852
1176796
1886988331
1392241
1891321370
1873727016
20461395
1262665
1942165809
1947643989
1934301563
2107229518
1458134
2059282521
2246135671
1646622
2239492450
1287420
2351336663
1757136
2308960084
1186541
2310893922
2304036413
2306608180
2287705160
2236789321
1281472
2287581381
2288656823
2338461009
2399377817
2586635
2431959785
2397005312
1267030
2388678913
1356311
2366208580
2228501798
2002102662
1899363838
1805476183
1635158201
1569384401
1375943
1580931731
1156867
1244952
1726097849
1843306785
1853569009
1957062447
1938364276
1213859
1196719
1225493
2035031906
2047052824
2067609806
1396902
2327860692
2181989866
2171151911
2230102200
2265702801
1264665
2313785821
2338569708
2325251149
1246281
2336673025
2360101156
2336406149
2363079664
2353025516
21993262
2993637
2343903079
1190414
2262765957
1185818
2206218178
2160771342
1349543
2059591399
1301802
2550998
1879216530
1758701315
1618550082
1174909
1568400656
1712096898
1701507918
1290082
1821536742
1230503
1903612653
1282564
1938828463
2530576
1229149
1955826684
13510887
1949493806
1128647
1274707
1244482
1967254905
1334357
1820811174
1854254264
1330838
1807841519
1315951
1335996
1727276412
1274887
1332439
1686605577
1674390955
1706068456
1693811704
1247014
1670725384
1767478945
2427499
1877691367
1368337
1899555615
1295034
1953548967
1251549
2089387345
2095733664
2263434562
2247339071
2916715135
2284820632
2219174543
4484458
1328665
1197858
2213018647
1229302
5089180
2158518407
2131657808
1243178
2037790244
2322880326
1934050052
1817185810
1241177
1708361847
1263055
1724318344
1773370083
1433150
1839580201
1247549
1845728114
1336520
7842800
1996110721
1992030722
1145605
1947459364
1864344934
1252712
1843996553
1222336
1395555
1760235533
11531287
1208328
1297329
1577183656
1221221
1604573149
1258747
1576862514
1174638
1490846016
1184570
1359214125
1237841010
1193612645
1254480
1063285970
1067672472
1062430201
1071241017
1257035
1042993210
1116978403
1163514966
1159254404
1344695317
1365617
1403369411
1261883
1296827
3184516
1499064651
1222307
1552075561
1566432795
1563494761
1448828412
1262439
1231347
1342823
1488512629
1504750776
1224949
1263733
1233938
2895317
1511750265
1663576389
1752207282
1785524927
1264915
1721317918
1777373143
1295999
1744361503
1309513
1541062126
1412798858
1216644
1323380639
1380740
1265806164
1266253
1229024
1236865299
1316255
1177123403
1105556534
1039527302
1409405
1348943
1224409
944010779
2603570
886341635
871405364
1216347
534832765
2995192
661309781
1306870
654476453
1469455
486103577
2382419
244490270
1335568
295502984
329635570
1041957
370711798
412280211
407074145
379242934
1259428
2859555
415801646
414143935
318040526
415507310
390290792
359014330
1375802
1196869
527679298
499588532
1317292
640709774
1249898
697225811
9927684
1304586
708959775
663383148
1460410
778671968
1234787
1332890
921480972
985551214
1364177
1272450
980423305
881482804
1767867
739982257
1309858
520248004
1331765
1361971
251662246
243807330
414893901
1260873
725731214
902435392
1026170309
1177846555
2527002
1180211604
1295637
1279008
1164858690
1124706895
1043854158
1304344
944730804
1485887
869113144
1155674
819046071
627250892
342618596
506676847
1212700
629845846
1232865
618207841
1092590
493025163
1328129
304824074
1286196
1310525
1614383
240806440
1275439
1257222
244490520
1016454
1330986
356671869
713454242
1318081
795508909
2409083
1344826
764236796
1166051
598424019
1275700
8202281
248416763
1224451
1253090
1437498
386423694
1271425
383286527
1404891
1275520
1317043
242277999
1852726
1365059
504667324
716381797
1157980
1269125
1230858
1432573
994769295
1004528835
1017790335
1249846
1062905223
1017036729
990923993
968730674
1272508
1587658
904747318
1384976
1087519182
1260932574
1294241
1330652250
1338844
1258501
1389761821
1260667
1477539762
1205166
1454287846
1268766
1469899402
1614596
1313804
1294902
1564212154
1702684168
1294696
1680190552
1325653
1732426509
1723927797
1720488132
1270658
1614425030
1287639
1269853
1474611198
1413451195
1219779794
1345383
1150890943
1090346
1302769
1393291
1268973
1315819
909809271
860556485
891155487
1450586
1126917
1356616
1280841
1120842
339502829
1264688
331540314
378592495
379360512
242433848
2456543
1254693
1297733
921721
1389510
1720398
356220572
406033160
1461503
384503800
744211538
737549953
784646785
1308428
1314947
894193090
1259851
967905661
1023359031
1185695
1080583537
1211672
1259683
1391854
1181751667
1266426234
1464208
1288625252
1278257
1309487587
1482334312
1206011
1541240010
1323920
1217953
1601304489
1680605719
1739316743
1724563046
1239386
1213218
1772658969
1268877
1286533
1723093220
1651286076
1516948310
1333407015
1307374073
1283476
1327410
1230453775
1305882210
1221252
1391473195
1433728612
1445193354
1408043
1109922
1275592
2010027
1492315878
1488955110
1422374
1476062777
1558713244
1489209
14520577
1591983294
1664497238
21003856
1938529584
1237458
2083721380
2610040
2222554935
2224349670
1284412
2292945900
2287108139
7949799
2216776673
1406252
2249341530
1255915
1249233
905172
2221248190
2152236693
1400487
2083123155
1318029
2058284706
1375822
2069526312
2010587434
2062634789
1287195
1472324
1973948472
2004311541
1516215
1938029740
1726654016
15595290
2429495
1722790054
1624440458
1482863784
1305925494
1255070100
1268748
1142277368
2448406
1183516814
1087827
1187282182
1337964
1110030380
1082814545
1253963
968873661
942689015
931297552
957430593
949738512
1215120
1249425
1321805
1011868037
1013816037
1087118221
1530249
1173062733
1261418
1494614
1290432
1341782156
1419117124
1419866727
1293210
1427080210
1258871
1228439
1257259946
1221205
1029208861
841915456
10602070
1262803
805493834
1247821
1159502
817926930
831049551
1331672
1026421
556648327
583012671
887513317
1266647
997074146
1260222
1051219541
1352645
1164198347
1222613
1146789554
1270754
1135322518
1249521
1129681438
1116866382
1140095831
1164501398
1185515458
1217778720
1278874
1189900
1180884948
1211961
1102720703
1158602179
1322884
1251834
1539190827
1548809676
1557345417
1591439979
1688027795
1263946
1771757111
1267083
1210903
1792720130
1793355819
1606686641
1593422009
1542204770
1373494370
1244637
1340290
1400495263
1652102325
1720572597
1842657973
2648307
6255827
2094136635
1239579
2106249722
2195568740
2313393827
2308902918
1204322
1287964
2300606195
2309718674
1239387
2297407100
2268332224
1493753
2319946883
2247884769
2236759344
2235222987
2153783
2214464624
2208250107
1273848
2236478157
2127344413
11822157
2495086
1988660536
1254471
1883336356
1844050532
1333060
1162519
1265084
1719307842
1299473
1022243
1581294283
1336595
1139581
1243901
1577857760
1539970863
1288347
1607386434
1941253100
1462424
2051412636
1260588
2153105237
2210000403
2161160287
2209778123
1270053
1265906
2295959623
1257290
1649594
2301238967
2333181644
5845469
2330972221
1776549
1404367
2192439637
2176299762
1453584
952477
2164549177
2160346964
2021754980
1245746
1898941635
1390118
1913346635
1911468377
2018214362
2078737240
2036072428
1256746
1274182
1264215
2152576271
2128423889
2127669909
1205008
2144196859
1267177
2071780625
1979891828
1925220445
1438261
1591725787
1234994
2512028
1417940355
1260750
1322812116
1373595
1172297990
1256131
1027220583
1307847
1244831
888866155
1755926
1157891
871152218
1455074
1380971
913403693
912532861
1054341910
1257581
1070896040
1087979582
1084238847
1118068426
1111221
1291473
891291786
833497298
1185816
856427394
823110605
1353888
651377076
1174066
559694036
490738649
1242716
831160621
1230543
901189692
885581904
828953879
1212261
706088654
701867067
1276161
2481456
723712225
1254761
1298585
431952902
1282474
1344277
362703805
421638213
371629048
509343453
568948331
2457732
504868584
1255515
1102515
524400101
598851023
1138918
596582698
1239659
1252611
1148809
406648489
1222728
648168736
732842319
838080559
2092773
882959416
1313624
875377217
3025469
800632776
1315331
692204815
689340636
809287931
855999241
981927219
1309480
1003070305
1123032
1353932
984398310
1000238642
966360708
1284039
721093094
1324677
606877653
1045448
363252642
243811835
421466844
1380081
531979100
498630661
1303671
704064671
5042961
739471446
757691961
1660097
718987287
712277522
787997950
1201729
1664379
781822867
1215481
795909018
801371630
997942542
1150637778
1374251
1198505397
1252790
1229785
1298775
1229122766
1222151411
1294388
1028707833
970473852
618016746
430218058
2480982
589633830
495329068
1297153
263829664
1321456
1272150
1301416
247777067
305765396
304196895
379067693
1393997
380735689
334268365
1558379
337172103
1394083
1295386
1191757
246290930
1316176
480885486
507728293
514122776
1268069
781869294
1618558
824404632
1013055531
1075698522
1185391192
1308123
1236227133
1243058507
1228028
1295213096
1351730963
1495716399
1535575480
1561823753
1693214155
1760362586
1314380
1849903209
1927760963
1982653902
2075681082
2079244460
1261732
1231660
1259146
2162885797
2168601481
1222438
2116424320
1243996
2134537296
1204654
2100794268
1134691
2083761956
1194449
2057168478
1317944
1193495
2023156131
1260630
1907239438
1893171180
1244505
1776666797
1731876637
1688264331
1655601814
1224814
8757510
1625233353
1602645441
1666461
1628386764
1659914530
1252006
1652126676
1245271
1603258107
1277557
1531104390
1159343
2534541
3943960
1305018699
1193739890
965908124
1263847
910627974
861799945
834658600
13991735
714139182
684371642
1362258
644256618
1231699
1296784
739033203
831961756
1266743
909864048
946441379
928957239
1300252
1348827
949616459
1262126
942039422
1446974
1352008
849790974
1294130
801568383
495750604
525412112
448344931
325128480
325677512
420104969
3248257
1197677
549700463
464070029
920656900
1107477379
1102915354
1365054
1182960314
11129746
1174456158
1201444558
1197416
1259067705
1379998047
1391678507
1284237
1435290829
1263480
1403035
1425728533
1281415
1378623606
1372406908
1429377
1287791277
2427353
1286025272
1375757
1281772402
1261762692
1262104
1174345797
1293545
1205781
1062746491
1290045
930783687
913164123
820731961
1577686
773678991
690389576
1289507
1308052
1393918
1234134
737207493
779731935
795096411
925174418
928253984
1260279
872841962
784688497
1191125
1191955
1249549
1224178
1335358
1152377
1252440
537175142
1180861
535551525
1102023
1462103
545105319
1262653
598626354
609779911
1343683
4826433
243738023
243646106
267917012
261462518
1068254
1287498
390484284
1317406
387800041
1278330
1320554
281722357
1223173
1369101
530116285
700029688
720051128
1296687
1408460
1814227
649488352
643424930
1425407
1244829
1263815
614702645
550117421
1421440
515462780
535488106
604336552
658319937
1206593
803607599
1158929
1324775
860981
990861
974875
1179248
1111094268
1138036012
1176740
1141337679
1269420
1359781
1299643954
1280657257
1296127259
1261922
1285750815
1277746933
1253331827
1231673987
1242016
983728
1222065604
2140766
1243956
1186007124
1274329710
1295666
1235246
1291139
1460910185
1504633553
1569591484
1542059166
1204922
1512216285
1264645
1410583210
1034759020
951774726
1287149
883806447
865897860
692233664
1277056
821804135
941923248
1291788
1354912517
1297642
1433420760
1325601
1635906950
1669329384
1279565
1697054792
1712368700
1712966773
1624186765
1620282550
1187309
1537579852
1518449214
1491387321
1175384
1485180262
1336851747
1332576059
1587352
1216826300
1348710
1146419732
1057276763
1324129
1239263
957434458
937848522
1320844
579203169
1136544
1257804
1213268
1461502
464683766
677836420
695770916
1395165
652828119
1341150
605142473
650200859
1237065
642644915
1213217
633103002
1322858
583376812
442920883
1232343
247898991
1246484
527855496
688953278
728472659
676977993
1290272
1017876
650149355
1267232
641366117
797833721
905809019
1227909
1006896464
1045576736
1370754
1335946220
1203124
1381725251
9411554
1314543
1279888
1497770490
1306608
1427499053
1411464306
1374714364
1233939931
1016257
1486365064
1580369248
1745890897
1716740074
1362675
4131645
1741839460
1078455
1672491069
1612494189
1394336611
1362998562
1739310
1086990061
1083551798
1044929104
1162777
1231825
943196629
918994491
1309084
1251190
949248033
1242323
941075616
1721165
937786098
1203578
990856131
1021358754
1078215429
1189788
1037394164
1350036
1335547
960684797
917867379
1139839
823123639
1247910
669902045
651293765
1161424
501780850
525263047
2553281
1606139
333360872
1341053
1125748
395076595
597727296
1224982
868327883
1083678952
1270796
1268615
1292348891
1606037236
1219155
1655182218
27498483
1864481370
1874934603
1902675555
2254108726
2282492088
2307109592
1454191
1324829
2318627511
2379168124
1217114
2404219164
1231336
2356801742
2420370916
2428452166
1263087
2338568698
2185714264
2280746363
2247346823
2275766145
1249059
1233836
1358666
2230852618
2258611866
2275257910
1146390
2269498826
1218689
2187657170
2182832342
2128855566
2116823112
1360888
2154990838
2149196005
1587043
2251219524
1243704
2256445315
1870167
1292658
2283775597
2253443206
2328487132
2300457458
2264089530
2258247478
1239946
2275915075
2332979750
2366156641
2347436836
2665496
2384033536
2486883073
1269038
2435056407
1356900
2279640145
2264033399
2055281984
1889147235
1790218889
1251633
1652307694
1532653962
1485306373
1287518
1379126583
1316989
1402242544
1526552356
1608805488
1250755
1228696
1722785707
3190843
1894731316
1952496509
1975122061
1280534
1505216
1990286309
2176163683
1943867231
1949961226
1936762749
1248402
2006342583
1508081
2004128562
1330154
2066072608
2111457743
2203374986
2158601715
1377860
1402055
2216370318
2222587227
9030840
1178412
2185990623
1986046699
1311200
1887351273
1353869
2455928
1785795403
1652432832
1549103199
1163453
1376183253
1495865336
1492644172
1333321
1670657487
1706650908
1703804463
1355511
1202559
2594921
1805379222
1325293
1797890233
1241249
1002945
1281085
1765333780
1370225
1280396
1767512651
1688153556
1231497
1647571670
1195016
1591808346
1277673
1235972
1544605677
1239343
1571045829
1574093226
1553918897
1271416
1578761424
1626058548
1703438453
2394733
1787511755
1342925
1816951332
1274879
1208482
1878388834
2075070172
2200172141
2229033329
2243848596
2869408434
2238978566
2168035879
2045535764
1985158071
1684061755
1884533923
1174980665
