1423314
249098581
1346309
1359739
1442410
1318075
376794280
465280420
1436649
706988127
720125189
1376032
687001479
421129691
318479925
571860006
1404545
769776543
826533313
1334790
822782233
806421265
806002181
903672982
901952097
870647617
979482762
1505273
1094891191
1223013161
1324911210
1355179052
1405853564
1232667
1382731
1336397
1510204870
1540075
1585135633
1574881995
1459213
1574357668
1258758
1366116
1578277875
1431507
1593372398
11612889
1638554536
1346937
1458298
1570927178
1605615162
1389691
1528568273
1516878530
1472284778
1434163
1408192554
1406692761
1433735
1439936241
1791388
1459942064
1466887
1474005873
1470665
1449376569
1267038859
1533868
1442450
1216883574
1316701
2543831
965421184
731162397
682823454
1366372
689108633
676515417
667554667
643174075
1451893
447184452
1479702
1301985
1448302
454580929
689035551
716597162
1364119
656805128
657375136
1473468
622039758
529897258
1402610
1380205
361246758
1607234
422209915
1404691
1496404
335672937
246519935
273416374
333486006
393651566
605267951
1445997
604395839
1401784
476876792
789526029
982363628
1056111926
1569401
1096436835
1403632
1046153568
1434754
897593509
901014655
931730002
1532252
932925887
875393099
1431584
796626313
1401509
1634947
660836649
587428295
1437852
601234811
584233378
1600814
501976454
412587337
2578090
332358559
1293580
413349086
1385951
416565753
1237076
1348196
1517776
245084859
245346758
241130684
1776376
515048922
1479720
1433944
615567156
568457760
1512083
1439771
627970220
627319873
1188735
548355111
1392317
614549515
1655119
628230557
1443579
549384715
1227682
1193521
1287019
1271610
944647
1579725
1456301
787382140
816381907
1401665
1388277
802212692
818177856
441722353
437489803
1413062
335879509
1500232
420423401
410540770
1471042
326940604
1520227
1386093
247918015
1688660
1507790
249050864
15360170
276771045
304515565
1524710
303378756
1375020
2167332
309113877
1514121
299941034
1451517
1446643
1608629
244300278
813355312
822700394
727131881
1332840
1402658
1414281
1437444
1381771
1427997
1144189632
1342717
1422719
1388157428
1469098
1434861284
1423015651
1398551
1568071
1379529653
1353163478
1296783964
1365902
1037658971
1007738728
958758849
877581385
1435692
1341171
2559278
769087676
1356839
861472546
992456528
1515190
1119484791
1382899
1406364
1165212947
1130066310
1073275933
987716706
1393562
733395090
719087620
642126934
639639623
641711897
1387804
640395635
2620822
830872959
874139512
1422902
1089656696
1164686890
1375084
1396619889
1636008
1496842664
1509746572
1537231816
1529859104
1606998791
1836128377
1965744803
1400341
1993782008
2038815850
2080930731
2099607667
1818095
2130268979
1487429
2140117340
2109224505
2406153
1893736740
1392505
1392560
1740063120
12659545
1678801005
1426519
1208318
1620883
1468025465
1441459978
1322956686
1583815
1762866
1330704810
1410084221
1416560297
12067411
1440059825
10028173
1439525399
1501036
1465046367
1414241826
1393824148
1509115
1293855411
1291150226
1508841
1536408270
1259393
9360600
1981975
1998776969
2019242763
1348831
2123601156
2126749177
2119279777
2087462964
1310253
2072152904
2009650751
1673639
1421533
1949390778
1432519
1954661299
1526596
1429764
1923080741
1459042
1953935400
1974630523
1951976841
2020151768
1996437570
1164770
1964269792
23256160
2026712955
1502323
2084319041
1413262
2000839846
2076365306
2029655300
1455978
1901246396
1851071739
1774207042
1494801
1639101366
1506199309
1304319
1524130624
1514920
1409779
1469343029
1289161
1518113207
2000105
1556967849
1359618
1558531830
1583980135
1368924
1693180037
1447778
1727281149
1387195
1709058256
1390551
1696938033
1358026
1643678342
1593594084
1481823735
2698385
1722393
1370908617
1369808045
1500178
1439629
1427669579
1560062797
12250944
1689405754
1766778934
2172042179
2246357573
1454863
2286052366
1443041
2301379640
2403271340
2350581683
1471077
2345080580
1477047
2307535584
2269382451
2246846422
2326902272
2309071659
2323735090
1606259
2297251513
26085545
2302931865
1300807
2344931985
1410697
2342188305
2373810967
2668671
2319367008
1439265
2245106959
2063576882
2022029774
1937697643
1936133243
1332369
1331233
1887140666
1514190
1891479225
1873903753
20630157
1390965
1942305744
1947817792
1934443059
2107369292
1582520
2059427024
2246284472
1806654
2239626111
1463383
2351552698
1933367
2309082093
1305400
2311035021
2304182576
2306762296
2287853683
2236907316
1450463
2287707615
2288792540
2338598120
2399548447
2741421
2432137515
2397131206
1430749
2388802300
1535588
2366338463
2228617501
2002300915
1899497113
1805609251
1635344150
1569551274
1525915
1581078372
1276926
1429353
1726272108
1843450349
1853693517
1957191014
1938506044
1350877
1321914
1383250
2035195439
2047245776
2067736931
1548339
2328046767
2182181050
2171331158
2230260522
2265845736
1416067
2313932414
2338790057
2325383721
1407353
2336802194
2360315138
2336531785
2363263138
2353221969
22177704
3154994
2344044219
1354215
2262941498
1364671
2206370191
2160912621
1501943
2059751158
1429739
2744998
1879355872
1758876187
1618692486
1360426
1568582942
1712278893
1701674039
1441073
1821679330
1396379
1903758307
1400920
1938994800
2691216
1416785
1955969554
13622015
1949670884
1271016
1402754
1382980
1967410680
1517594
1820950878
1854401001
1496684
1808005201
1437579
1469163
1727418812
1405841
1500004
1686756257
1674549251
1706203695
1693943412
1388054
1670923032
1767702846
2606136
1878291749
1532149
1899685413
1458166
1953679988
1371957
2089529660
2095878898
2263565582
2247469292
2916881121
2284957745
2219312403
4582718
1449721
1320022
2213155354
1400238
5227020
2158644302
2131806614
1388011
2037930434
2323010709
1934169424
1817318864
1378741
1708512281
1411721
1724444938
1773507853
1603540
1839711949
1402827
1845889660
1499563
7969986
1996242805
1992170710
1262882
1947595671
1864488394
1397620
1844144531
1351801
1523045
1760375375
11684250
1324393
1459282
1577319940
1390186
1604703934
1433666
1576995512
1350037
1490988921
1339414
1359357894
1238024868
1193751032
1408647
1063419435
1067813590
1062603435
1071450603
1376401
1043140747
1117175452
1163648888
1159436008
1344871574
1498478
1403509575
1387590
1426289
3304278
1499209932
1341545
1552204084
1566569130
1563649703
1448996063
1398935
1353944
1463334
1488657324
1504891961
1404997
1436806
1386308
3084823
1511874717
1663719707
1752353832
1785746693
1384644
1721491205
1777523507
1451629
1744540809
1470259
1541252279
1413016015
1375329
1323547200
1537584
1265972146
1426515
1409205
1237033779
1494885
1177273383
1105724581
1039746859
1598495
1519666
1409601
944190223
2765095
886516787
871511310
1324658
535499742
3126718
661519438
1477798
654651058
1633709
486281518
2514435
244665534
1518376
295638901
329820492
1198773
370897406
412468801
407293900
379414724
1440593
3001753
415951279
414276876
318229155
415708550
390486512
359218626
1652866
1346082
527848868
499727950
1495893
640895462
1424082
697354145
10024386
1438737
709100570
663564769
1596412
778809466
1359250
1506706
921626354
985710269
1493626
1438062
980574298
881614642
1936281
740117821
1471551
520389230
1488125
1525286
251813301
244011220
415037139
1373690
725892798
902580557
1026304188
1177992669
2721506
1180364255
1459149
1466951
1165036264
1124855350
1043980987
1447891
944914608
1654719
869294471
1353672
819189377
627446020
342781205
506860880
1380710
630009256
1401134
618389955
1209765
493205627
1500552
305000669
1429437
1478306
1778100
241046283
1432798
1431350
244667617
1176888
1491543
356860026
713634388
1457966
795643049
2502952
1460232
764353394
1293011
598537110
1398389
8351924
248567117
1390460
1353818
1572949
386611974
1448502
383444369
1541941
1454837
1496524
242479450
2014162
1478093
504802490
716517463
1267335
1391148
1386091
1598894
994897822
1004663340
1017927515
1428890
1063050983
1017184013
991073866
968879386
1401371
1707846
904891760
1532799
1087668418
1261058053
1414123
1330786325
1452361
1403526
1389895910
1412343
1477688492
1337881
1454408417
1426856
1470046918
1772828
1447699
1460887
1564359552
1702861180
1451792
1680319680
1463981
1732604969
1724066984
1720657927
1381686
1614593440
1452312
1453861
1474786720
1413619116
1219925546
1522454
1151116431
1227353
1493787
1600430
1423297
1483598
909956342
860777054
891287595
1607567
1292322
1556853
1454804
1289825
339628795
1403449
331717219
378778464
379495139
242657956
2614943
1411702
1452032
1053137
1575978
1839844
356359141
406218853
1636902
384676616
744389463
737708694
784845627
1482395
1475267
894385959
1417352
968098842
1023517223
1356912
1080781215
1380908
1418889
1543417
1181914741
1266582216
1646146
1288773903
1467251
1309640312
1482453325
1370206
1541366325
1459286
1377937
1601435931
1680780033
1739459631
1724696937
1354030
1381840
1772825420
1389252
1412328
1723215714
1651423951
1517082639
1333561874
1307558000
1403232
1455575
1230569241
1306065090
1359512
1391603929
1433852090
1445334383
1580325
1423851
1452780
2182229
1492460845
1489127189
1587805
1477063695
1558856041
1644370
14696716
1592120226
1664682718
21184429
1938709803
1406956
2083879882
2829457
2222712878
2224493055
1421654
2293216173
2287282365
8085783
2216944630
1604956
2249486670
1421880
1411210
1021349
2221403012
2152436582
1537187
2083287920
1497707
2058460066
1496797
2069659383
2010724760
2062826687
1420952
1629222
1974169058
2004481862
1680767
1938237570
1726809083
15731586
2565325
1722909432
1624590643
1483000109
1306071757
1255211941
1440936
1142436304
2597169
1183665921
1214178
1187477589
1492732
1110173199
1082974598
1376216
969036610
942832462
931441149
957572350
949878194
1350827
1387008
1484411
1012013841
1013955524
1087261249
1693628
1173233296
1446527
1680063
1476624
1341928244
1419254671
1420059644
1493406
1427257373
1440321
1394791
1257448949
1422710
1029449823
842081808
10777088
1460890
805701727
1429299
1326091
818051851
831207067
1494147
1169837
556865073
583205464
887744740
1431632
997241313
1422622
1055060584
1544815
1164399145
1386244
1146970508
1445806
1135476664
1416116
1129874988
1117064845
1140239070
1164685551
1185723252
1217974776
1445507
1343863
1181005122
1386670
1102900376
1158771093
1502312
1441630
1539332676
1548945823
1557529947
1591617617
1688226484
1444553
1771889798
1422115
1375960
1792854599
1793480892
1606855570
1593532167
1542328943
1373644275
1404453
1461510
1400629653
1652240157
1720714069
1842806738
2777540
6373391
2094276657
1401175
2106402013
2195719869
2313541457
2309036364
1320622
1408450
2300765414
2309863133
1358352
2297534272
2268461507
1607416
2320093488
2248023136
2236896056
2235369608
2272471
2214579707
2208429618
1391866
2236628289
2127479552
11942476
2623445
1988790191
1393389
1883456103
1844214242
1478612
1280220
1425430
1719443978
1408604
1171675
1581438225
1516162
1286422
1363229
1578012208
1540097646
1461616
1607516976
1941404620
1624165
2051541101
1422569
2153290428
2210128273
2161339436
2209983621
1428621
1417863
2296102527
1419179
1769587
2301369506
2333335546
5988038
2331100658
1888689
1547466
2192578161
2176448184
1581901
1086406
2164692452
2160484005
2021917817
1421036
1899104669
1493417
1913485755
1911594322
2018370145
2078858391
2036210717
1410699
1388927
1433179
2152712536
2128559257
2127827842
1394105
2144340015
1379537
2071911613
1980034527
1925367597
1559081
1591885910
1417903
2644132
1418126447
1388639
1322928975
1535985
1172479365
1426664
1027398861
1467586
1366358
889014569
1922589
1315155
871322846
1635465
1549029
913547983
912668545
1054544548
1419401
1071077092
1088112879
1084420819
1118213426
1206479
1420868
891487908
833673148
1315110
856550281
823289083
1508445
651557448
1327168
559900045
490876287
1414808
831331083
1407573
901365235
885713520
829136113
1375206
706263864
701982849
1447653
2644421
723866333
1372612
1482694
432115381
1443120
1514057
362849734
421818669
371823296
509493978
569083779
2612940
505001230
1421705
1264796
524598215
598997382
1266997
596769097
1365424
1415696
1260344
406809760
1398413
648374533
733033144
838224912
2257158
883088719
1436751
875520083
3123549
800789685
1437953
692350618
689462103
809445839
856146721
982085021
1474733
1003201180
1221932
1518886
984536232
1000390605
966510235
1439461
721276709
1490570
607069131
1210165
363432108
244010763
421607903
1547351
532184335
498812743
1478691
704243459
5173287
739667571
757871770
1823579
719195912
712448074
788234045
1342899
1824837
782017247
1369430
796081911
801585166
998138499
1150811981
1534377
1198672122
1412947
1397391
1460208
1229302792
1222331784
1460940
1028909527
970665502
618193854
430384942
2615545
589798061
495477017
1417594
263944394
1435147
1405449
1434928
247887194
305909546
304323653
379208413
1510223
380870936
334449732
1722870
337404218
1596203
1459117
1363609
246421142
1487927
481092695
507928967
514315429
1448454
782038270
1779255
824554903
1013239164
1075899406
1185582709
1468375
1236400226
1243211998
1379208
1295393966
1351868166
1495867306
1535731178
1561963933
1693339107
1760551264
1428067
1850033371
1927891289
1982820955
2075830023
2079374502
1426034
1393674
1419742
2163002522
2168730816
1378409
2116585616
1404993
2134655451
1324859
2100932298
1250223
2083896045
1349830
2057296715
1432601
1357431
2023298026
1386462
1907407491
1893295810
1359733
1776797193
1732052699
1688420794
1655791540
1345875
8886227
1625371251
1602779409
1802069
1628532476
1660053291
1372266
1652260807
1350034
1603392634
1394783
1531242489
1269453
2674336
4073900
1305128989
1193867604
966045971
1401226
910764625
861948291
834813860
14132918
714249254
684553424
1481640
644436545
1437201
1495450
739160622
832148107
1425894
910009947
946637145
929105602
1467201
1510748
949772085
1433388
942219631
1592781
1489116
849995135
1449988
801717106
495953716
525618270
448547157
325341193
325853857
420263069
3393590
1377659
549866833
464278614
920831929
1107693785
1103064534
1524038
1183129264
11256418
1174634583
1201635654
1364603
1259217252
1380162024
1391817354
1458969
1435477003
1426503
1590419
1425887542
1450049
1378811166
1372554918
1617316
1287911420
2616787
1286154275
1559073
1281912129
1261955844
1413500
1174497190
1499016
1368744
1062889228
1445589
930944430
913352152
820961352
1737364
773863090
690572195
1459616
1450223
1541984
1397253
737367291
779933607
795242677
925365132
928416401
1422668
873021569
784825221
1374679
1315238
1369198
1381198
1494919
1305049
1370893
537340481
1333338
535694863
1203556
1694990
545293706
1441257
598781496
609890504
1538271
4945627
243911298
243849855
268152849
261594171
1200228
1453619
390689469
1471377
387936022
1410038
1523695
281911774
1351123
1547861
530313462
700252111
720179013
1424112
1584978
1922264
649619561
643557653
1592407
1417267
1392581
614844829
550304175
1622826
515659023
535651370
604562515
658458244
1386366
803793722
1285013
1489862
947871
1101444
1143399
1361609
1111266813
1138170049
1274210
1141467550
1407203
1528404
1299767276
1280854830
1296274770
1429563
1285928170
1277935105
1253501899
1231843725
1401033
1124874
1222205700
2296865
1375690
1186190326
1274486203
1479211
1349909
1453809
1461083266
1504799375
1569750991
1542260636
1358707
1512380565
1425871
1410723295
1034920552
951954847
1441835
883953119
866030141
692368513
1414024
821989825
942090203
1441929
1355085548
1478410
1433551467
1498266
1636077422
1669514960
1401043
1697164152
1712524180
1713101995
1624330209
1620454574
1293182
1537762379
1518649992
1491574425
1306730
1485397972
1336994906
1332712486
1760449
1216953611
1544393
1146595589
1057426077
1448795
1360740
957587031
938015637
1487661
579391530
1271815
1426856
1341992
1602713
464909964
678038014
695975292
1561944
653030650
1507227
605316160
650352303
1420565
642794146
1359132
633241982
1473726
583508756
443131624
1426054
248060367
1473353
528009037
689159889
728614000
677105725
1503441
1205330
650342310
1392960
641502409
798021640
905976410
1408938
1007104935
1045709349
1533324
1336076547
1424707
1381898188
9517481
1477966
1416869
1497902264
1461655
1427648682
1411575231
1374858957
1234130547
1142930
1486548812
1580514948
1746062799
1716871624
1493216
4308666
1741971503
1219682
1672658761
1612627477
1394496939
1363164700
1918075
1087120381
1083690516
1045059618
1288254
1410370
943330856
919171375
1425882
1390536
949391178
1399351
941207467
1904492
937970826
1327850
991009771
1021491537
1078349476
1393421
1037522274
1518008
1465806
960817752
918086082
1259356
823263344
1428714
670060357
651414286
1315692
501918035
525477372
2755759
1769169
333468595
1489976
1229774
395276318
597881525
1400493
868465050
1083817845
1445063
1385608
1292553536
1606259581
1376056
1655346784
27626415
1864610733
1875095774
1902802501
2254268291
2282624105
2307235298
1576549
1493716
2318759861
2379295112
1338088
2404363885
1400571
2356943329
2420480829
2428633520
1384329
2338702875
2185863589
2280899590
2247537330
2275907959
1406731
1400057
1519860
2230990040
2258794740
2275397616
1316038
2269630873
1337338
2187813742
2182959732
2128994922
2116959283
1492898
2155183648
2149374753
1740901
2251363605
1398482
2256631482
2024291
1471191
2283900215
2253560007
2328626269
2300597009
2264218819
2258398025
1399239
2276108505
2333111575
2366353836
2347632536
2835522
2384173570
2487014381
1427624
2435186889
1477126
2279777634
2264162358
2055441326
1889316802
1790359795
1382512
1652478321
1532799098
1485484659
1427178
1379273441
1489110
1402358088
1526688124
1608946082
1386174
1354278
1722924074
3350849
1894884857
1952625970
1975252172
1383071
1654281
1990431287
2176297282
1944009555
1950106495
1936891706
1364061
2006489079
1676878
2004261544
1495332
2066219458
2111657505
2203551880
2158784655
1545011
1594426
2216489162
2222720406
9195395
1360514
2186118161
1986255822
1473330
1887490034
1533785
2606832
1785915812
1652563732
1549240680
1356305
1376329981
1496027891
1492795888
1447958
1670773857
1706794780
1704025020
1519325
1326487
2755300
1805527680
1486071
1798030447
1394019
1116270
1446134
1765468903
1522531
1429043
1767680396
1688297298
1401837
1647702497
1363801
1591993777
1424640
1404914
1544741897
1385423
1571185099
1574299782
1554052879
1416926
1578925776
1626199699
1703572598
2534428
1787664406
1439536
1817088651
1423550
1410039
1878523838
2075218159
2200304592
2229170397
2243983907
2869561875
2239119985
2168170493
2045670082
1985348991
1684226760
1884662560
1175110934
