5618085
1215482
293701303
1224199
1291286
994153022
1328295
1544545110
1591753917
1340501
1713281071
1770795354
1790952025
1300951
1753555829
1731304293
1728821784
1241893
1611463539
1573036921
1560874904
1528724775
1221442
1514717838
1313235
1447009201
1431383940
1360447969
1211458138
1272834
1106217185
997103402
954191433
927328098
1286949
1443971
854526259
1337374
786673826
698182253
1253638
610209332
1293609
627639837
1231841
1330816
628161911
566102726
1290147
695498667
695514483
1322784
1293815
724533971
791344144
917780182
1294537
1281582
993194109
997842860
984824818
894276666
1219453
801031147
811788848
964256065
1161846
993164247
1305234
1216357
1097031889
1273546516
1271023
1413508722
1527362707
1694588308
1665642439
1227110
1896518
1732726775
1350594
1309849
1739685688
1322059
1764310755
1742959594
1724593336
1732620437
1231323
1749148772
1471353
1342301
1752166624
1364200
1789224800
1856581751
1851842617
1876767633
1532077
1959126416
1273177
1310923
2036845316
2028585240
2026450255
1999794320
1348930
1058798
2010093336
1929828552
1823479749
1306113
1522964947
1402679002
1450754291
1239021
1385040568
1306051691
1158300
1328907513
1334509
1346438732
1420979564
1444978682
1472503816
1271261
1281482
1331693
1916119891
1608714878
1235993
1680304311
1761430304
1756092929
1218639
1315771
1892563296
1402293
1874621838
3426722
2055959327
2110400381
2123329709
1186859
2140052887
8507457
1283114
2133263642
2111062303
1301654
1401413
2011961399
2012604956
1986079579
1898668421
1776437160
1315954
1689426
1752948988
1304882
1705274340
1194421
1210366
1125902
1389070
1658690368
990269
1623540904
1614922190
1158981
1060402
1485587474
1424843
1379501172
1236301
1458527326
1558910224
1621165527
1597194509
1347683
1430305
1791194254
1281274
1273280
1908607380
1320217
1956997631
1364952
1212927
1992220769
1985617860
2015621971
1985586809
1284675
1385453
5677740
1992955732
1979021991
3824247
59552153
2406235845
1481008
2542782501
2543798962
2515445663
2496520610
2438167287
1330247
2436250619
1280987
2333413384
1327836
2150995586
1328803
1879977797
1898612
1304292
1303088
1439293922
1330190286
1418438
1385337
1295502
764213350
683047471
746484799
1313079
1264236
853350753
1080693706
1197901923
1380976435
1322734
1412490901
1292651
1638969
1455930602
1311230
1469120080
1341746
1217789
1457772376
1384406490
1287137
1294343073
1202779305
1218114187
1277699055
1350388
1497884647
1615794737
1714807865
1296597
1729495828
7362299
1750948116
1721968
1741508694
1760592794
1717917
1623721119
3315394
1750261
1534406198
1505246
1282788208
1203452945
1062829146
916142334
929983584
910850048
1288104
879926924
1343183
1458925
712098354
677636525
666660453
1281685
585294862
444032410
252353164
243823300
245779816
492956791
508992947
1176512
396977208
433156138
727673629
1496622
1235932
802228509
1154534
1158910
898225
801319056
1275225
776138745
1329992
940530945
1040581965
1037034076
1385303
1003553442
732022334
1326297
1776504
745725281
755715075
1072734793
1174286
1093431917
1079889008
1245134
964026
1342443
4281188
892429407
718694449
526992724
493175411
1344866
294920916
278667509
1254022
234129671
1219009
228253632
1375770
339945404
1326053
551461813
616609325
1374109
620233133
1655943
460014127
387317857
1349106
391493082
1319829
292862240
1537157
1415708
1347121
452792101
441796177
404957012
428075810
384131599
420775328
423726580
338150356
1269681
332147925
455513140
1309887
829323849
832758853
820645532
861512398
1748092
1236625
809922732
803024530
1301398
1196420
767108760
1067441
513945737
1433625
712745712
706821176
1277826
683540864
563149961
576135114
571586559
1184924
440125080
1197147
1256954
808866300
856460780
880178532
1205487
1174292
911091518
1028227
1246767
1030519
709605999
1050031
826171636
645324610
513387429
399642604
1051448
1004889
1562379
1310027
1353396
243768183
241260411
237242300
1214109
1143210
772433
232329570
1280613
243581345
1260079
240796201
1231502
237406142
234914585
235341446
2475208
1299640
236769481
1438554
2049496
1312291
1118853
955946
272016977
1352718
312565016
449002200
662620474
1378738
663514971
496409749
392495855
382512555
2214560
970053
498378564
1204206
597212542
551139339
1873197
269480392
1532492
264382514
1589093
1094275
243199133
237950729
233927582
231231679
227791721
3657285
1427130
2544836
235507210
1233963
1017301
1215657
272869550
1367610
269773216
230624185
1472945
1467131
238053878
234396487
1242300
1316018
300945084
539072730
811126606
818974473
1037428
864821596
858492987
746423190
696435408
1342564
587136903
1363132
363426375
1494669
1252549
240029569
350747593
393164275
395389880
364395684
1181344
1013226
293975989
291403582
1336380
248204334
1331932
943773
240994231
244033762
301845866
303784093
1288709
1404575
1195126
242084547
1348651
1609054
1179825
242183264
242481006
240633047
236904498
1321836
410060470
1370792
617828072
1373642
1326152
626519858
740121808
1181071
1340805
918980777
903336569
885507655
1155143
602013180
406745854
1276776
345584993
345619803
1390047
344581620
367856242
1406607
1321350
528105855
1357546
441329866
1114734
1117169
1124965
1312020
341161615
1317945
526021764
637545168
1610261
715514710
1297843
687245882
1283186
602617312
1335913
515244050
619184099
1060337
658208915
661136936
1306673
567700314
460502276
2693552
241374312
1133718
1234097
238491235
1399520
451385853
442249772
1359833
1446620
244197617
1530895
244056637
365029664
361134991
1220291
2548768
3499163
473831190
460910285
1242280
609091977
1326225
754764490
768024759
1436409
681667864
564959403
1218295
459819448
1280305
514201972
475165284
479896952
1281356
577425098
1336555
608484283
1790086
638492656
1261057
646824164
645284132
1287066
1258175
1256886
643856913
1325279
684912378
1292502
864700889
878080053
2566265
1143264540
1234993822
1578800
1310838149
1346168798
1249717
1416371984
1343143302
1354197708
1305581656
1240156306
2879753
1451004
1246087503
1136221198
1102580806
974542750
1242592
819912080
1240780
1280745
1363150
444878548
870153689
1326105
946325809
948151132
1408276
1412787
1420134
848544299
678866379
7924288
1219424
1314731
432866446
1267682
399756557
604771024
671572211
687979033
691160398
1343021
768507778
1368797
985161352
1022438318
1255672
1013180903
1041597042
1281637
1350121
1068264248
1265453
1177460159
1225952039
1249532241
4839398
1397755
1248760
1364657279
1350324
1485114071
1526386548
1204991
1714853107
1327322
1788464867
1355597
1954748107
2382789
1945092137
1979667461
2063347216
1339800
2024258048
2052303473
1985470392
1232901
1952528569
1961415948
1318960
1984067238
1239522
1973224445
1282030
1896598100
1348061
1896896689
1892963951
1193897
1203316
1921253323
1841258593
1237715
1742815600
1416508
2029281
1340885
1633083878
1577516808
1559648227
2859033
1285510
1488803183
1403426861
1358227295
1366754011
1273459
1318810
1619629041
1315817
1649964
1742872794
1273345
1811522573
1331256
1875906993
1873640257
1373048
1867452934
1827599233
1779716586
1655177616
1289875877
1296216
1258307657
1220314803
1242878392
1348950
1297049188
1235735
1519606409
1363811
1596680902
1633281716
1304679
1655653717
1666484152
1673505704
1362622
1234368
1803362002
1803862451
1425629
1954274666
1380824
1411934
1946864087
1325400
1958681051
9893484
1342897
1491732
2058631463
2084000375
2103805102
2012492592
1948816434
1897981789
1240133
1387998
1371415
1796916443
1328344
1262220
1462916
1810043600
1264552
1868824580
10801344
1972927891
1505576
2027622423
1267063
2042678947
1200099
1285948
2021877112
2024553577
1618310
1934331980
2576245
1262742
1279692
1757925559
1682358997
1601024753
2126869
1250172238
1219180123
1291437398
1374419243
1272157
1233547
1293280
1447148766
1410888492
5163046
893325
1333587497
1264541023
1075517867
1215075
902507326
898191976
887174720
1168378
1291243
1265164
819321733
1144052
703104686
1350418
690221977
1431750
1207193
600376024
557608542
1806908
610907944
1499025
575182839
568775718
467525350
843070923
934926539
968943652
1420291
1148376
1095795067
1265489
1419603
1116528336
1225662
1225034334
1914872
2242097
1303483691
2517807
2252954
1476534156
22330367
1757075438
1955080437
1585732
1989289930
1122633
1213265
1979688414
1047057
1258673
2022059756
2005161676
1309029
2037662800
3923717
2051655043
1385944
1956127735
1860830537
1298801
1678534332
1628623357
1302770
1557437433
1463583924
1318233
1421153152
1253693
1387930
1262925336
1353508
1122663342
1309052
1108043161
1280568
1077874576
1315868
945790924
917734873
858606150
1144012
1227793
835521554
1332435
822392585
750902391
2532892
649450979
1345106
426567316
421303866
662897161
668266092
677493689
1691995
793500602
1215739
931684160
1412758
989627910
1076769379
1070230960
1162805
1008926363
926926307
1185077
860215643
1277109
819259267
1196069
814910619
1306722
1357894
731745675
732646830
1269420
767135315
1339024
1359426
798117773
757424544
1187612
551931463
1125396
1169075
1064822
451826124
447876923
1107083
1208920
1454268
1357978
230737968
237617973
1070907
1268526
235101539
1164576
290897042
1382000
291470063
1302991
871817
918067
900747
395104619
399501220
304470170
2530809
1380936
303437414
411731159
1159091
407167734
569067966
788648614
912287845
1068037259
1371993
1144769941
1403529
1192963914
1273931819
1282443519
1278279697
1288251
1310135
1251638518
1295429
1292745965
1353573032
1352276597
1374271
1486989350
1483638514
1357070
1452886819
1304693
1410142097
1330720
1363813
1329684394
1322478
1238241394
1103092697
1295398
1281399
993272229
980069400
904120880
961958503
2283865
1282334
1121038957
1117511235
3858269
1268562
1329404
1345273374
1196956
1275178
26126008
1476108525
1371240
1499120311
1550865179
1523664897
1533861456
1020973
1266309
1401665160
1186417
1369158856
1332120378
1241365
1262900448
1158576419
1286639
1232529
1116738706
1626102
1115592967
1138259373
1242826517
1293562645
1294066858
2499922
1287810269
1194627
1263669955
3543010
1257904
1068532814
978993583
1391928
1392781
967603037
974547027
945779070
831015535
1121988
397067206
395877094
550021415
739326184
717746915
563877741
762439109
5141886
955602326
1270646
1338324
1063307149
1377454
1110944203
1386166
1056434811
933101861
648357392
430135697
1446026
307683650
1367020
1296957
232606718
1281940
235612016
229362520
1289196
238214492
230950392
1142942
867363
1145041
1256069
234592382
1338236
259118348
251770261
1389566
238202359
242258976
439678407
435364146
2254458
452394276
523388553
1214271
1359936
601411894
1184208
646648009
1220283
1259775
698237009
1199841
1132989
633500690
1125398
987794
2504837
462429153
1088608
1246660
396256659
397736267
413161159
1271179
515977556
464530784
1164604
232590691
1355483
1351564
249837919
1180174
1022069
241556541
1360098
310554385
1329833
1286350
1119371
1226811
296074646
281871791
1181061
317845868
2137367
320580144
1008723
564134727
1260793
641356953
1366525
587510812
1318286
5318419
433496052
430403709
1370788
242032931
1373790
2722983
310390430
408446418
334845143
1264445
337686537
783872255
884715266
1261128
952732198
1316552
1074367581
1257597
2460799
1346181
1135263649
1364360
1269864
1489394
1272731
1275792
1290871455
1263113281
1339623011
1292160015
1361863
1262527327
1311261738
1303888705
1335142
1262529017
1266854137
1389259992
1416765
1437247252
1292036
1225676
1576481806
1276922
1608458805
1636650539
1635590325
1142234
1626334297
1603058649
1249621
1571675393
1239826
1546367330
1562360098
1560320713
1259888
1370316
938606
3728517
1755722858
1819686596
1830827924
1840260955
1336087
1933633205
1928473126
1199968
1934035821
984499
1946684181
1888554647
1433410
1856672062
1861999258
1212668
1313078
1244641
1249914
1289826
1796160506
1770679378
1774449842
1878155863
1645990140
1289357
1589555250
1615543235
1403482
1488713
1506280645
1256959
1535819679
1519919087
1534232768
1287469
1494009975
1497793135
1461829014
1365153842
1290214
1301026822
1358152002
1163152
1377633494
1617704675
1419280
1760346246
1753252695
1379278
1236400
1881931871
1159613
1799109921
1853268303
1819173544
1819384579
1734457770
1297404
1220518
1579325163
1382348
1177236
1567332065
1581150050
1534619273
1279537
1587825059
1562470615
1724656
1519086550
1351515
1381699152
1276495
1357551613
1270018673
1162985363
1137018117
17250379
1230454860
1331828128
1212115
1778200604
1821132272
1210791
1862959964
1387853
1941209938
1977113916
2057423027
1431058
2097143363
1273075
2151332104
2114757152
1184024
2063215646
1357846
2095512246
2138034702
1299950
2156730081
2091161251
1263692
1193389
2027640752
1280660
1939951562
1252999
1859902220
1360145
1780864080
1772508825
1685084327
1583337288
1315403
1338717108
1399917
1225513039
1208653603
1177731427
1269286
1152789340
1382131
984176499
907112892
970514382
1003690470
863947848
728308310
1293871
676352929
1310210
594218937
474300661
420572736
491554596
1263258
350921121
273298190
259351363
248212278
1323060
1057682
1343738
244704681
1105207
333205288
405632030
1315228
317223057
1310666
1920291
1270657
449414110
449238862
1388471
1318036
526636465
635862860
749303259
1352159
852301650
1301710
908792613
872237266
748336389
1336463
625553189
640042086
812465451
798858078
1194556
1293101
1304614
896191012
999599519
1293927
1199768587
1279149940
1473346940
1529372699
1548612201
1233837
1099506
1562632614
1094042
1242889
1270757
1545533707
1560049834
1547243199
1425780357
1332357
1472395226
1291118
1476131244
4547778
1414050081
1333617
1399381507
1394936380
1412560151
7283107
1927627
1782624768
1245792
1805258739
1925002499
1870213720
1931553533
1897015182
1372261
4291970
1891014294
1812310294
1201358
1428767998
1300627202
1279383501
1169910676
1194787956
1376998
1269936
1424388
1049535073
1051022849
999876683
1173323
959746844
1075393999
1352481
833579929
1393685
908377604
1162058
944559502
1238422
944074956
959253909
1040843720
1098876173
1281872
1298133
1146527441
1228118
1178045462
1220742
1214258112
1376982861
1342487
1228870
1192953
1468197014
1493045947
1520446134
1227743
1483350736
5230794
1472731176
1461433203
1484413740
1274558
1267181
1465937676
1249028
1390034
1320542
1265094
1443416852
1460217605
1274740
1412503932
1153806
1305256
1374597641
1065951
9231965
1479392646
1838017687
1876508853
1971578245
2102376005
2110101199
1356212
1346049
2159475475
2211618716
1315803
1169852
1155640
2161213950
2141481831
1185081
1220151
1064730
1970389897
1873920746
1753968135
1257961
1368874
1753349575
1683115579
10280157
1629235526
1343300
1613911278
1066072
1422557
1641695489
1663514086
1459911
1788922415
1814784775
1361583
1248094
1757806373
1306853
1658590131
1264048
1583771494
1492591125
1032377
1224575
1300432741
9833071
957159
1176533
858449244
775329148
1125480
1007845
980665723
995837847
1291651
1017260583
1073995952
1053155685
1100555321
1371079
1234650
1087421058
1054625021
6626811
1172606
1282610
1217888
1027832962
968596929
1304855
783842503
733015986
638656589
777694434
879855341
989349961
1090872809
1282246
1313802358
1184764
1434850638
1526799
1518231091
1497437497
1512590566
1632216
1127878
1458529238
1271319
1479218
1146212148
1034979660
800755664
717383367
697926312
651924721
1388464
613253137
593984631
1370088
626820010
861684541
876007701
852444387
847298903
1016240169
1023016649
1081964783
1266525
1180200212
1264907976
1312727026
1332032981
1422544
1075222
1311209
1278195
1165735
1322304
1505708408
1605764602
1652134159
1274680
1676963181
1378040
1733517140
1744504277
1309350
1722354
1769658562
1724232937
1744512043
1184741
1810558105
1409482
1259537
1809062806
1336222
1754592486
1773937266
1767201573
1794537257
1275230
1775906185
1727187019
1320850
1354955
1276228
1597971447
1606248634
1332738
1464628300
1324834
1437557594
1333115811
1202894
1240349564
1076536190
1418260
1664824
933282416
867636999
825054746
1278660
1368704
1523103
757226355
1422120
1280355
1046325453
1083365638
1064958649
977473925
684933006
663312209
541401735
534047379
1298121
737745683
922778603
1410546
1167831017
1300756807
1312680408
1366553424
1863748
1368000575
1376654
1290959
1255436
1317905
1368970691
1326646887
1335197067
1325818290
3632831
1235164
1271741075
1289509392
1320724891
1318726253
1284243
1263492
1323648379
1422496339
1422122
1506154296
1599270084
1304013
1052844
1511862
1783042068
1225486
1890345027
1849926727
9978042
1914853498
1232907
1343435
1887687492
1992958
1847150960
1323823
1751543667
1544565016
1288444
1304027551
1104920315
1321957
772615311
1275816
1234431
663968720
560893391
403243995
1420269
374977298
920803
227934382
1231968
230525511
231024280
234567862
2585873
1378219
244876159
1454882
1717798
1390102
1371261
1164485
244226110
1404278
2540911
251262989
245895899
346267360
339608406
1331573
240716923
240886262
2550414
1452875
245280939
1253397
465415576
464844118
1860597
283604839
1620060
1755952
290153038
1211241
244534779
239739468
236927070
234779270
1343926
236913447
1350406
2204510
236351437
1300528
1276653
1175326
283882998
1307090
285746697
242711609
1503247
1383985
238967180
240932978
1347082
1334929
383984176
411282962
821238703
856134200
895164526
932499383
948744452
1298120
1023296714
1123171
1011633103
1211145
1207254
924144807
1310719
609946727
508099033
527963162
489568102
6747499
1254450
566324029
506875165
371113342
1262808
364839535
1187977
323525875
594413399
686672258
665870924
1363764
397835445
1363062
1289973
242849659
2730503
1524017
309315838
412701235
409893657
305151163
243873363
1244525
569485232
1304115
1488656
1307752
785096337
867915892
1339277
902652164
1334814
1231596
991519470
992790097
951269744
823070644
528894453
4542880
487475210
1397892
503636808
523742669
1408931
644815857
1357292
652396422
1061060
619814294
1106192
1054862
1185014
1052415
386119072
1306558
699438501
770632032
1579497
1393367
839080200
842859616
1312411
1218538
708902260
639379284
1212539
782734119
847253659
836760287
1367341
764530094
549512533
2488832
244266733
1353084
1241485
1349342
251482090
1360457
445543253
437225954
241031574
1403854
1402529
238077140
