5768308
1337739
295404606
1361111
1462716
994313041
1501044
1544679263
1591906796
1517018
1713452829
1770964509
1791095269
1468289
1753695590
1731444254
1728981877
1353153
1611632620
1573198974
1561019234
1528883010
1319339
1514881346
1466317
1447175304
1431560111
1360579551
1211602926
1422194
1106365334
997263884
954339849
927478566
1418903
1603432
854657078
1485530
786853953
698319063
1428273
610361332
1468120
627799426
1402787
1513356
628284983
566274433
1455556
695686009
695668671
1441250
1447857
724700721
791570591
917959040
1434973
1418015
993344823
997976274
985011557
894507190
1341431
801229921
811932506
964429654
1333940
993290353
1442531
1394044
1097186702
1273704706
1431172
1413656498
1527532347
1694715574
1665799768
1385067
2028061
1732899642
1525911
1510142
1739835677
1499518
1764469730
1743131658
1724766067
1732776295
1366675
1749301654
1592448
1512938
1752305474
1545770
1789373999
1856738104
1852006341
1876989888
1712691
1959253905
1419504
1469968
2037003798
2028722394
2026592359
1999947790
1472617
1213361
2010258239
1929965743
1823645669
1446665
1523153666
1402809833
1450890195
1366027
1385130918
1306182349
1292390
1329070137
1510626
1346619948
1421141518
1445130348
1472670197
1436606
1441830
1498261
1916311837
1608847017
1395672
1680457168
1761581361
1756241318
1345162
1490525
1892707149
1572065
1874773630
3654917
2056100987
2110553566
2123492755
1342372
2140235755
8606641
1479304
2133421081
2111221363
1508981
1553405
2012081627
2012696688
1986218260
1898837756
1776590558
1435580
1854713
1753120609
1424627
1705406771
1321865
1366325
1259552
1510037
1658830035
1092970
1623684855
1615012287
1279450
1212292
1485749000
1590047
1379661627
1400213
1458666635
1559076900
1621322954
1597304731
1521627
1627498
1791338969
1433917
1427027
1908748650
1475712
1957143638
1507417
1374375
1992354684
1985760857
2015759447
1985780276
1468014
1530703
5810333
1993121893
1979235753
3968176
59728932
2406456651
1671713
2542918309
2543952998
2515583171
2496752009
2438290504
1452315
2436381387
1440645
2333540736
1443610
2151129579
1506871
1880123736
2033351
1462655
1462954
1439444407
1330341778
1527642
2760330
1455201
764361375
683186900
746646972
1435833
1393644
853492978
1080843508
1198063784
1381111128
1485318
1412628391
1497526
1784695
1456061179
1466928
1469261017
1483594
1337648
1457904166
1384558234
1429936
1294489235
1202920472
1218248621
1277875202
1479491
1498038917
1616478179
1715030111
1454563
1729646198
7499944
1751119471
1876636
1741646525
1760737746
1849399
1623875324
3408946
1934587
1534519654
1634681
1282939763
1203598101
1062970726
916328891
930155048
911013368
1402098
880134842
1466851
1623012
712266272
677864894
666808772
1505272
585509430
444214209
252536736
244035736
245997772
493134977
509132071
1345492
397200757
433355019
727879164
1659239
1397428
802401871
1295678
1293788
1016192
801484297
1423430
776331186
1503991
940730678
1040768564
1037201840
1553596
1003693921
732206305
1485754
1953000
745898551
755887512
1072941228
1319579
1093581950
1080050336
1377530
1074618
1502950
4387927
892602372
718827145
527162869
493325588
1473237
295062720
278822101
1367822
234262984
1331460
228424476
1557164
340082731
1502431
551640603
616770995
1545723
620398504
1825457
460139027
387505857
1504228
391665110
1495141
293041335
1693635
1578749
1555930
452960724
441978171
405152839
428290277
384324232
420958440
423907088
338356995
1452023
332321504
455707303
1472749
829508992
832908927
820852728
861704549
1908037
1380126
810105651
803196481
1457683
1382374
767255222
1225147
514142932
1603748
712940753
706978877
1443108
683730120
563334995
576322423
571796036
1350172
440344304
1323107
1442750
809092700
856629453
880365216
1394945
1336147
911255258
1196576
1404661
1155842
709748493
1226756
826280277
645492332
513582773
399853822
1165631
1124603
1703975
1470214
1541367
243899720
241402363
237473521
1348637
1304628
915601
232499470
1457090
243724791
1397162
240993701
1376019
237588454
235062894
235504636
2622937
1466840
236949423
1605700
2191071
1482346
1281086
1086798
272195286
1514998
312735380
449182022
662764851
1535025
663655325
496541962
392656732
382666574
2309637
1070442
498523857
1363471
597343171
551255264
2034565
269613196
1719997
264569315
1688293
1241931
243348577
238100149
234093982
231367084
227931736
3779247
1571523
2679136
235654561
1332779
1130633
1332351
273001174
1487769
269906131
230752987
1642455
1636160
238244313
234590208
1362775
1482163
301129177
539242172
811300733
819141425
1177920
865031236
858649782
746584375
696609856
1495044
587321836
1518060
363568961
1669157
1416843
240190842
351613820
393362997
395581048
364572860
1335867
1196400
294181753
291559459
1510604
248363332
1504923
1120087
241182379
244224520
302015810
303979402
1440931
1605400
1343381
242276825
1509675
1794209
1365214
242377259
242657650
240831267
237071799
1500375
410260712
1559983
618029939
1530231
1509582
626764078
740339891
1310662
1523385
919175363
903469442
885664232
1309511
602254031
406911930
1434299
345765268
345815233
1559081
344791969
368084563
1560334
1475547
528294585
1507770
441493198
1258014
1265333
1288731
1483223
341325102
1505447
526209784
637723202
1776237
715709362
1470157
687431629
1461004
602793645
1480710
515446236
619399760
1233212
658384427
661309022
1459848
567907553
460705523
2883484
241499440
1294833
1412262
238650305
1517885
451508841
442380065
1480241
1580343
244361330
1656520
244215936
365190125
361277813
1403497
2710425
3626212
473949348
461039777
1376356
609215077
1445557
754906791
768157460
1564071
681808588
565126890
1321512
460002209
1405514
514313748
475299019
480057189
1410556
577551605
1473739
608619048
1929127
638635405
1379981
646974421
645487758
1453001
1415052
1423403
644035081
1483257
685108653
1465447
864898315
878262211
2741740
1143465721
1235178592
1801348
1311019685
1346358081
1416520
1416553154
1343310938
1354393498
1305755762
1240359070
3042047
1618230
1246287885
1136438193
1102764728
974750500
1401453
820088608
1399867
1436257
1528637
445042138
870366705
1485048
946482422
948334728
1601580
1578851
1576052
848710990
679035050
8017461
1345337
1440029
433005215
1385477
399861679
604928129
671686700
688121754
691300724
1526041
768642954
1532363
985357559
1022596350
1421880
1013302056
1041775152
1455376
1555299
1068368325
1418953
1177641201
1226108288
1249704057
5007645
1590255
1424596
1364835717
1512205
1485285305
1526593450
1376582
1715061821
1467615
1788633798
1510068
1954902359
2520570
1945201722
1979869609
2063492362
1490149
2024529696
2052471567
1985579008
1392400
1952662569
1961605820
1466111
1984210636
1395949
1973355453
1413682
1896744417
1519278
1897014894
1893096951
1296089
1407269
1921394781
1841420551
1415614
1742936524
1550311
2157535
1503824
1633230972
1577656208
1559782385
2953206
1397669
1488936556
1403604215
1358384665
1366921088
1412290
1468855
1619819342
1502640
1811941
1743004774
1438708
1811637243
1499567
1876034985
1873764559
1527617
1867593006
1827752653
1779848410
1655315763
1290020402
1450013
1258441775
1220499759
1243036978
1492796
1297210496
1381168
1519761215
1541662
1596819010
1633476369
1425590
1655794180
1666629083
1673639041
1557618
1399094
1803486199
1804040216
1611332
1954472406
1553580
1595958
1947024364
1498955
1958850207
10050453
1469822
1632648
2058759962
2084169945
2103932406
2012614665
1948954221
1898135561
1363621
1511248
1527888
1797069975
1494911
1411040
1622457
1810198268
1440380
1868996719
10969291
1973083970
1651904
2027791101
1426220
2042820080
1362705
1423448
2022052830
2024661929
1745206
1934474176
2841693
1398692
1455888
1758092155
1682541223
1601147338
2276415
1250303507
1219355748
1291575271
1374578984
1398356
1384386
1477756
1447334614
1411076161
5300299
1042608
1333726224
1264681447
1075669865
1392597
902735101
898369318
887373818
1353119
1449671
1439996
819500116
1272856
703399903
1507558
690395616
1582558
1419231
600564500
557743686
1992247
611149532
1667762
575380262
568987762
467709606
843273757
935108252
969107966
1572710
1303147
1095994757
1450754
1565876
1116718924
1395726
1225244418
2062545
2420994
1303659626
2674309
2387699
1476667335
22444079
1757220573
1955252886
1676122
1989422129
1219225
1369462
1979864088
1166011
1443004
2022182412
2005334951
1489233
2037816081
4015193
2051816106
1540752
1956252489
1860970536
1492469
1678669069
1628769025
1436448
1557551502
1463860447
1434826
1421273806
1374547
1506436
1263073170
1489327
1122797483
1464519
1108174974
1406541
1078033727
1446836
945922533
917882722
858735355
1256239
1383644
835718680
1492782
822526355
751079337
2676597
649616079
1516410
426721970
421444864
663027314
668424644
677644931
1831183
793672474
1398483
931829519
1592591
989757650
1076917617
1070365187
1301548
1009043573
927129438
1353018
860398611
1481613
819446153
1362442
815060588
1461651
1531551
731879243
732834247
1421357
767343563
1502666
1521500
798296639
757611176
1337411
552123098
1273541
1321402
1228145
452046511
448043903
1235577
1392305
1627149
1522761
230943893
237809627
1185552
1462694
235256341
1314952
291082305
1535823
291632963
1465236
985311
1030817
1026799
395257525
399654779
304662118
2705650
1571509
303569011
411889345
1262616
407288991
569211451
788805218
912428323
1068192312
1506388
1144927618
1529259
1193101329
1274082909
1282596524
1278418089
1412172
1482859
1251773489
1478181
1292900209
1353731774
1352469895
1530656
1487117611
1483836516
1520245
1453070205
1488926
1410311661
1499546
1545629
1329857384
1493941
1238412540
1103271732
1469945
1442453
993475550
980166011
904309530
962139109
2469552
1472600
1121222888
1117634100
3975706
1436792
1525855
1345417754
1362917
1430163
26272380
1476268325
1554558
1499234218
1551034174
1523820805
1533998697
1154829
1395223
1401790536
1330908
1369313411
1332269217
1400281
1263040767
1158709380
1447739
1411737
1116919033
1776904
1115706235
1138388182
1242976651
1293709209
1294212994
2643791
1287953229
1318663
1263776970
3623303
1420330
1068655057
979142381
1526532
1530996
967783495
974635561
945914175
831140452
1246515
397211895
396011849
550162389
739495499
717891350
564036946
762592245
5311037
955733011
1429963
1491741
1063447517
1560455
1111158365
1583671
1056630042
933250711
648534164
430326751
1609848
307864661
1523013
1442465
232841492
1441065
235779215
229527190
1443859
238362142
231142703
1290961
983441
1317393
1400253
234794131
1496197
259277169
251973893
1537145
238379856
242446474
439875398
435549404
2410514
452534508
523521259
1328929
1480826
601574794
1312819
646761541
1366065
1394763
698388489
1345212
1277966
633611334
1225833
1116990
2642857
462543420
1215315
1411361
396444912
397912718
413327021
1418857
516108755
464715802
1284950
232729604
1505446
1524643
249998529
1305108
1144582
241739103
1521063
310770244
1499436
1475285
1318268
1377933
296248964
282055834
1342218
318013287
2291081
320734149
1154158
564374146
1421822
641500996
1496351
587639092
1441120
5451346
433605777
430519896
1483204
242192246
1508213
2846510
310504871
408617106
334985013
1383317
337827601
784066868
884902409
1444449
952907838
1479860
1074549318
1427578
2625458
1527104
1135427468
1544765
1485091
1657438
1408191
1402485
1290996797
1263217929
1339772395
1292287700
1538264
1262717062
1311439888
1303994772
1465382
1262675904
1267035465
1389399869
1580460
1437387896
1446362
1392845
1576619525
1477162
1608562800
1636811364
1635746604
1279283
1626473473
1603246229
1412354
1571849409
1377156
1546561462
1562541778
1560500085
1423242
1543677
1085053
3905678
1755857506
1819846524
1830942888
1840396249
1539590
1933772876
1928623047
1353694
1934162740
1076638
1946829285
1888711279
1596937
1856828723
1862155340
1319584
1476856
1360178
1429007
1465557
1796293284
1770842174
1774571692
1878303545
1646124412
1401028
1589667876
1615651946
1595749
1660317
1506422255
1434191
1535965710
1520128733
1534406750
1459088
1494139116
1497891247
1461958310
1365339332
1417398
1301205145
1358350287
1331864
1377761312
1617908797
1570065
1760488428
1753349006
1531651
1404182
1882051963
1282746
1799274950
1853420716
1819312084
1819498783
1734631475
1485255
1404317
1579446101
1554323
1350748
1567500018
1581329187
1534744827
1437655
1587939518
1562611582
1875257
1519245198
1528241
1381849106
1412906
1357695376
1270181058
1163130901
1137189623
17413951
1230577384
1331988138
1324777
1778333638
1821278625
1346599
1863080520
1564411
1941331995
1977299584
2057556657
1629572
2097286511
1460228
2151461774
2114893528
1369855
2063331749
1525692
2095625752
2138162738
1497437
2156901362
2091317081
1432812
1356524
2027784570
1461057
1940110871
1416008
1860119860
1487289
1780996750
1772648141
1685280685
1583476166
1467003
1338920858
1551797
1225669971
1208767245
1177901179
1403046
1152921833
1563423
984310538
907303154
970683675
1003855026
864155341
728484665
1452234
676542739
1427193
594368637
474484412
420738108
491751066
1375319
351102637
273417790
259503417
248416649
1474582
1165306
1469928
244878655
1256133
333403707
405830674
1466168
317360005
1466824
2016789
1433991
449531358
449360811
1569177
1481001
526759310
636037104
749457266
1561142
852479834
1463953
908935031
872421724
748466321
1493506
625678284
640196603
812605833
799018687
1317287
1462458
1460344
896359041
999790272
1478814
1199887812
1279312846
1473521301
1529524032
1548775009
1346742
1239069
1562810094
1218914
1404654
1426824
1545750918
1560186003
1547436759
1425959263
1491709
1472530990
1427351
1476283081
4714088
1414251722
1445481
1399559206
1395069800
1412725357
7463809
2074642
1782807460
1396157
1805417137
1925160394
1870349985
1931745501
1897151449
1529107
4374506
1891128335
1812451049
1368355
1428942467
1300757704
1279552789
1170071026
1194890906
1500002
1443121
1561623
1049714866
1051188585
1000011996
1321148
959854146
1075577036
1524006
833699067
1530551
908516444
1324524
944720300
1407547
944201453
959383809
1041006058
1099037843
1474582
1452710
1146687197
1353432
1178181773
1366719
1214409755
1377198112
1485462
1365755
1333407
1468313709
1493185349
1520638020
1402342
1483551338
5331136
1472862544
1461629609
1484613709
1437201
1395432
1466053556
1361584
1571430
1496390
1407965
1443545297
1460358869
1362906
1412695942
1308171
1435748
1374751379
1204494
9421348
1479526773
1838165736
1876630101
1971725102
2102480197
2110228362
1573598
1474313
2159648579
2211753748
1483022
1384974
1272738
2161350808
2141662920
1332680
1429360
1187346
1970577213
1874091054
1754116531
1457020
1544075
1753466227
1683231184
10375066
1629422758
1480800
1614110353
1186964
1628554
1641846129
1663643370
1624734
1789098452
1814928162
1515555
1397806
1757974226
1448773
1658730691
1391542
1583906599
1492723758
1130970
1350306
1300554862
9931469
1065683
1333474
858593232
775460950
1238517
1109579
980778474
995974692
1457908
1017430990
1074190753
1053293013
1100718606
1530100
1411053
1087573268
1054814181
6756527
1359498
1445997
1375015
1027988445
968733507
1462901
783974309
733191252
638832232
777857643
880040070
989517661
1091071876
1410446
1313913515
1362542
1434979557
1679203
1518367004
1497527839
1512778325
1780990
1243948
1458672751
1421290
1643648
1146369161
1035160526
800899690
717517945
698070191
652114508
1565678
613421995
594137745
1488784
626968432
861828107
876149749
852596010
847449671
1016397567
1023143489
1082098359
1408221
1180337143
1265076148
1312857597
1332215415
1577519
1239802
1477675
1440208
1319137
1485814
1505888398
1605961124
1652349735
1429464
1677168785
1542374
1733654401
1744689964
1490772
1880076
1769839384
1724418569
1744698500
1365885
1810776311
1565985
1433095
1809262362
1541755
1754764094
1774093432
1767384001
1794719773
1436142
1776093560
1727365670
1503053
1539701
1432514
1598155702
1606456842
1497788
1464755752
1495777
1437727492
1333288676
1357265
1240530601
1076733594
1572291
1832250
933485874
867830080
825234581
1398031
1550042
1690365
757344964
1578635
1465322
1046519933
1083505626
1065081704
977676267
685089847
663488010
541592533
534245481
1431981
737967255
923007470
1589940
1167968938
1300958241
1312857341
1366730490
2035090
1368174753
1530487
1451906
1379841
1480692
1369094612
1326807299
1335348905
1325990536
3752576
1353337
1271873595
1289678275
1320956480
1318873520
1411198
1380427
1323858902
1422657260
1575362
1506299020
1599431606
1473937
1232285
1701541
1783134614
1426137
1890582588
1850080986
10101198
1915020676
1359150
1506146
1887809809
2133487
1847293481
1492399
1751656863
1544725187
1458130
1304169291
1105058501
1441284
772799224
1454708
1352987
664109611
561087159
403401189
1545482
375153854
1042367
228125190
1399734
230657475
231216338
234768243
2759474
1552484
245057272
1610019
1899214
1557661
1533933
1324074
244362309
1540516
2662570
251400716
246016810
346399934
339746942
1454586
240866189
241021197
2710265
1615185
245458255
1431361
465580475
465016485
2029337
283799446
1806969
1925380
290328935
1369318
244703163
239887245
237084859
234921375
1483815
237039933
1478214
2312717
236488544
1426712
1423592
1297423
284035891
1477178
285926505
242911466
1661295
1536547
239174437
241099247
1499532
1498936
384182527
411485196
821425175
856300977
895373128
932709963
948909472
1497518
1023480144
1275995
1011791235
1361491
1341602
924297250
1467322
610134918
508269991
528136970
489764187
6891769
1383472
566458881
507008682
371257992
1387339
364975219
1398369
323672633
594547892
686878013
666075002
1485593
398008750
1532546
1471042
243047739
2861335
1652525
309448008
412837550
410054262
305330689
244077117
1386197
569618320
1465606
1649011
1451680
785284917
868098321
1504473
902827606
1492206
1403782
991668897
992939033
951430075
823261902
529521601
4712076
487662297
1566387
503835277
523907229
1581710
644954712
1525945
652573621
1199274
619984325
1263998
1175605
1358717
1201923
386278344
1457337
699634725
770847364
1743979
1544775
839258768
843028364
1467266
1339812
709063858
639531175
1434094
782868420
847431265
836948010
1529204
764687587
549692510
2701732
244420008
1472925
1376946
1461634
251614429
1500945
445655425
437353549
241159793
1547569
1518107
238270326
