107799609
95182329
97731404
88031411
96670837
1454773846
640358106
2153328071
757104944
2195647894
2300980192
2288166873
276506901
2228671909
10548060
12764569
2212832423
2253158634
2769147497
588506326
2992212576
2420081527
1037518445
2699067417
2171552482
2187727724
2180669732
109651214
2197451174
2736165158
2962781791
1385175460
777166944
2370660635
2395280586
2403859884
2312051632
2150943862
133366137
2165988309
105721456
2679234036
2136575302
2292631586
2559365376
2354025543
2115744517
2142553372
2151412174
225801928
2748853756
3636162160
1412501042
3237682959
2586551675
2427562790
2465027481
2184183445
254799279
2217329634
5974941
2707096861
3055497498
2287197904
2352536866
2522377477
2427773177
2134521573
2183848879
301375934
1353998
1702932
2593132931
390262660
357462512
1678554
3490472051
3126795746
884977874
36152330
2420436966
2317233046
2463055216
2133695951
2147408971
370899487
41995017
1643175
1246968
2253642
2189043711
393719140
3026008165
2191133466
913706299
99858389
2337795070
2360101636
2456235714
260225460
258766309
8491421
2187876516
122220519
60690695
2184804755
2589221616
2968923838
2149350540
945436015
2280074852
2441615487
2194107157
2131753644
2171664444
364935305
1524212
2533172461
3371237318
1138050328
2270875294
2243144939
245367157
119300508
2427636583
2504664845
2306273383
361049023
2159213652
2466670582
3035235610
1186243351
2304456307
78661226
2183542690
2315457425
293001179
114474616
1663689
1570291
1077176
1554929
2524252999
2385219925
2160016922
175587127
2444876381
3035414141
2238191976
2347240083
327152592
173375195
2176683380
2187461449
2393576428
2175641703
2446163147
3321543695
3174913682
953377479
64323874
2123696389
193133353
206812730
2356526838
2365081860
165468755
1518623
1106768
2388901959
2374018340
137139208
1562319
2435983707
3321018902
2160979505
2200729601
388080913
2347077453
2162757918
2359156835
2189065332
251997052
2426292919
203265967
3376532261
954949634
3275530102
1056459644
72986284
2456110948
169133298
165929244
2274028788
62782331
2314306172
2404799079
2103146126
261150683
2273020109
236203202
1896397719
2072894234
1980862776
2005781030
2169445144
2178988032
293094110
2087902366
185379794
3054397422
1087477818
3075168570
3165391432
2214525884
2275941014
356160585
2176916928
279790102
1522413
2040160141
137923000
2683984042
2852067932
1977380725
1976264136
1877371743
1627132390
360080602
2554300751
2737431578
2440838226
2660381586
2075585378
1903789406
371882998
294702984
287884709
2878915497
2820406101
1096166376
1101068608
2775295101
2804700685
2101796643
1666054760
380865711
2532366637
2753445691
1245460413
1824719016
1957019055
1991305744
2008837369
2904959690
1273634290
926186998
904880351
2747874913
2738938945
160341610
183001078
150938629
2149927410
1943112096
314582151
1976773367
2433211675
915140381
1740245882
1586640695
1164782777
1870701070
1900443484
1965337684
314192061
2510429015
955767916
929454157
2724850131
1068015846
1865283752
1898428800
2129465310
494978889
282241713
296854651
1620674
1921808245
2511674501
982287536
978126171
1771095779
1839909222
1836990804
1626035911
1694646950
440859642
375016713
2570114675
953627187
2709096365
1057052093
1838614790
2133713916
468161781
2194356317
335577844
305741358
2827646
1216947
1689664156
19934314
2504383703
2661573512
1638962409
2089564041
1632976088
1657194937
2557735086
1333689440
1067375810
2728768454
2787128043
188469141
3010246857
436633189
336070325
244386454
245447738
1383811
1540705
2062839039
2251216382
2717834
1214437
2370235
3136417
15252125
2682792811
1071935192
1098857841
2850907473
1158837620
109987752
113165947
1994228320
1845740738
1836364090
1846817980
500947116
449947896
2691913557
815402994
1689997996
949741991
943265358
107267559
1641986617
2053643132
2066077599
1541238066
2360926287
1679908201
1622514812
2032926415
2042150683
2055272981
473635483
465082332
2926734255
2659607598
900022341
904384824
2781678835
61588127
3166171448
406379988
1834922012
301402290
173087674
321027495
1623714379
1395803
1772707
3014781
4209931
1520635
2452812026
2497454948
1598092950
980214405
1582733608
1601009359
1585856375
2294163135
1237250788
753081004
735167399
699327961
1520502
2485224824
2560770414
196144635
2087930471
2323544027
2090271925
470671954
471711574
2535917
1627447744
786178304
793579007
794987511
1712587884
1813794031
121962854
2240010433
2147381650
1582525170
2397464486
1613927054
942135687
1714452036
987980854
2158355889
2086408215
487593199
2067548167
2938285552
901116604
893072453
883439973
819309696
2520261660
1347379
1197219
2208840
959377
1704413806
10545175
20111128
21307805
1943776927
2066214426
365025742
361585394
2078493900
1681034909
1077512614
1708931401
1160111993
1693628733
59884296
51495383
2451581321
2465005796
794782932
2201048263
885152908
71073226
3137990806
3084150616
2011244739
2365689896
2395417606
1678367770
518721414
2622594380
2558373585
2585845974
3004278819
1385196272
443278274
382258413
2084851144
1878238
1188901
2115517521
2592552953
941190721
904771249
914146006
840110425
2689915392
2575333660
44359121
1941633741
1606918756
1646814075
483199551
1564571148
1568694572
968897891
1628074989
977601018
2079619925
459070005
2085779218
2097550400
2493446021
2639969854
1645297016
1030821386
986537076
2088649470
2076599675
2134257514
2584037415
2598110893
1651987240
2120326206
1422079155
527049482
2066613338
2136607908
60834194
3011708896
2557178091
2636337006
947240198
2187066322
2085337873
601686448
482880077
1668535157
7770772
2506632847
847102757
2557655667
825493276
821983942
2574481306
2199157219
2118018545
1621410447
2478934495
1424817427
1635053823
1703707128
2208649281
2252003654
629970232
578033635
2291190272
2527083886
2524632458
886181478
2584639221
2228717813
605740453
2110423732
1608685384
2440903280
2493816721
2575870261
1008340736
2165580511
2165506153
2089923624
2447321042
2535457600
2628699720
1042783103
2209359079
2153103051
2043413883
2915419959
2514965960
931013290
924589192
2652021316
2128617703
2221513597
513783528
2023429818
2924873363
2537984788
1772474248
1086827243
2021779564
620624756
1980406986
2186376574
548706115
430522238
396676242
1512768
1256728
1388452
5052618
6144623
1495733
1499886
1114261
2576339332
2617359470
2735533483
1689575830
1706847606
1710825617
2443008162
1354665294
776146552
2430522966
2552821120
105926014
104183141
2281078595
3122904344
2355046411
2371826567
1351119518
802545257
805360867
2319930193
1414493
1702539745
2226870145
2116746371
579575761
2232333866
2281978402
1615242699
1771320142
1066618776
943046861
2239532269
589894127
2129037963
414022887
2217400352
64486240
43957316
2403966082
2494333579
1809309781
1998538255
2036399490
1647446045
2364722318
1271869390
781446559
2351095761
2510429337
173672543
2188838050
2922142787
579597494
506209396
342380712
157404455
2219673001
2145849670
2083701279
1899922792
1244165108
1324340982
1388415232
685635440
1949112470
2024308400
693685803
662722131
2559811336
2526273065
1934406164
1953812683
1887236427
1241918800
707963066
659052594
2434473803
1936985884
543099387
1936082668
608863772
2496514726
639472787
1920459238
651223115
591038084
573937349
1935253292
1879653191
546776840
544803588
1961444075
1907507683
593919762
1364168906
633134940
1914271161
1870531720
1937812144
1890020531
1991496636
2461314809
1280068543
1971447637
2037429673
2364995814
2439707891
2332744586
2329396320
2185053774
1406485468
1323666482
986561181
2139525121
2117907779
928390158
2157435436
1975149488
1529112306
1568567783
1640750916
1059017028
1060111952
2062830700
2110381369
2574695906
2072057707
2062924217
2024310066
1432318958
2053064892
2081381794
1094101209
989814495
2450016114
2080509285
991861204
460359007
359081784
345699676
348829819
2575246193
465483853
1677001948
566078132
2007040307
1031533580
1502657677
1617974773
1091661695
989381127
1971362769
2018283748
983253192
458782039
2048311700
2039282390
2037457226
1384279776
1975372331
1750714006
2107429555
1342894963
1051158860
2230619358
983924528
398342843
2262904699
2711591375
1940624091
1455709320
1006890102
1373548667
1031804544
827443753
1936581668
2047655888
2039910389
1471894897
989668286
1934357376
1912751105
1314013773
1199739284
2028720369
943971405
927495027
2021242777
410020749
2440595455
497529915
501256151
388959368
1695227361
593664367
876267570
1171804357
1364125879
1338255820
1055694741
1487377043
1251151238
1715733847
1363740607
1829546093
820861660
700364055
2018060745
1708574328
925341783
1466216134
1477319875
1502931236
1596414130
1480465129
1062841553
829840152
826710994
1923303135
713430858
2158904043
1501649139
1248968896
1141790794
1149816575
1388678444
1505317568
1939540055
1739922083
1392271443
952577067
1863113260
2067825428
1280190619
1748214280
1849923068
1928584935
1717093417
1595132912
1472902004
2033347573
2265726448
1841062638
1491913349
2276309389
1286870195
1171647167
1169112818
734561734
505964287
2278038104
612478549
171884330
167591640
1858669805
1183219470
723577614
965623443
1061546412
818083154
1499087547
1265295080
1515307413
941403187
1612224690
1948501355
1710960807
1572736797
2016702158
1566287373
2234485783
1898061330
2119438516
2325821184
2327146042
1563077697
1033583163
2343018111
1275126996
1162962858
715293009
2351859930
1816837443
1284898304
1396759416
946108932
1481515613
1957876696
1497997890
1285941237
1180197971
1696599221
1792669505
784974728
1491037880
715140099
1463884908
1463671701
1508726354
1321064299
1694363696
1778882654
1005488346
2031907877
2182756749
1784519164
2124533641
2201677698
1483602961
1406094955
1748655748
947691378
788755875
698483919
2282235263
2172986129
697368735
698266776
626835509
624349687
959921304
1311550943
1394525535
704644232
1472179703
1481294601
1479292755
1476073905
1536733468
2099614041
2173594545
1482144540
1716721756
941988162
769923316
2115791993
2196541602
1549080059
2056950199
1329651534
1658872122
1435845933
1436989451
1548684717
2060284899
1654465428
874018367
1532852870
750683741
2061709241
1670863262
1523433027
2124306472
2252257781
1706739149
2129045743
2282358304
1661644384
2285780265
2867368941
2257775491
2306416206
2284002585
2267046113
2267237735
1511969743
1491676037
904795180
2301722298
1288529679
2285419839
707945970
682322516
683892801
1522125317
1549694598
1509296523
1341860539
1611025524
1523210121
1668917773
2239828690
2228737467
2271471031
2285169121
1453802718
1442018324
686740830
2335302897
1502519610
1440018780
732162883
1429718716
1474798049
1434358541
1441639285
700241073
683887080
680505378
2201159934
1445901525
2230270753
1471135836
1472220739
1472851854
2217895203
2219842996
1457837441
2219076862
1437420804
2805354710
1448594607
2213250705
1457061660
1442572643
690423944
686836082
1448761302
1441856762
1461252247
694081296
703481778
1774056079
1777652172
1783438955
1766665600
2532438795
2544297816
2508236355
2515700702
2507203389
1424953346
1250671836
2520589290
677882117
1415639831
1433713981
2192756559
693833442
684496663
683254989
684390167
682824199
1551642
3740502
1430766676
1438969173
772785409
1441767958
1450660287
1554689842
1487361883
2194907211
2198172247
1467891533
1452002931
2254694182
800948941
2130389203
1458474327
1467777582
1452088381
2106752877
1459460124
1607981571
2093983137
2224357859
1451409098
2254686910
863475685
2220370167
2099532659
1304226739
1623724137
862516547
1447396843
1283138173
1282512355
2210054727
679299927
675625291
517747467
517089158
1442666
1592449308
1413139750
645843412
649530832
653367510
654394837
769869480
836421081
513484679
114245104
110906650
1417885287
1460406458
802298267
878983236
1466015695
1286088197
1467389750
1460816226
2041601917
1361429609
1352339884
1292453810
2157290438
802492081
1645824928
691387210
107674088
101919434
1465015836
1477303715
704883268
874934821
1462908039
1472142777
1475607427
1470783858
883873552
2074080502
2174359670
1539127310
2174293044
2221324559
1460232595
1713891004
2238690953
2305608279
1624990032
2433135648
950269447
841174979
2422778879
1416680206
699285633
2327002086
696452446
1596415176
692060558
690798328
1419049699
714125678
1454169531
833357982
1505041084
1393010147
1504686746
1507477721
829118087
2048847096
1609943939
2157789983
2191741493
2149525606
1659515969
1555299233
2318308306
1519662856
2337620329
1461323374
2184423544
745308787
743915087
721206199
88992607
86315266
2223461987
1502872949
805605616
738208941
1429922122
1346951358
1434929510
1525946574
2122889159
2179616340
1386476821
1658313857
2195401294
1474692200
1406119306
2142948720
1652654363
2085219215
1324107693
1256010651
1502621185
1571332999
1480269023
1486458019
1336118203
750429854
1645782322
2241139481
1508736155
1368488575
1642993537
857570145
843607599
828106944
2251788732
1502741706
702278128
1485055301
1457609842
1480844107
1481998031
1490176033
871415367
2094582247
2102641864
1469589827
1325222070
1645877499
1459694416
1291243088
1289407134
1466038857
695708074
687577596
691608741
520091172
1442112202
67017112
1420655918
666302266
667403411
759121726
816665679
815661715
1436179223
1297740334
703038263
1527845392
788404941
1461553126
1465992108
1318823425
1486067039
1485708292
858483320
1487588753
1579602982
1422994972
1540591699
2177352436
1400759211
1574255960
1622778850
2114297721
2185549545
1621857355
1468169496
2174688172
2247613814
1477991783
1607013276
2267333627
2194224001
1597292592
2195112966
2200609947
1489218300
2244033107
1478445348
2283473695
2272415807
1599001381
2224648358
2240468261
1494263375
1468386311
1463253599
784062959
717209019
684336333
8566502
1596672247
2518291
2111328676
780945368
783100722
1308874495
1307283939
1557191773
1560016706
2072508016
2296055651
2246025658
1466147079
940603995
2274493832
1228023843
1229111346
712953874
2212226978
675713313
675010178
665842521
1693387285
1249875972
699928060
899768265
911753498
700964597
692427281
696319504
688835121
1473897077
697881182
503408177
892927705
1481509919
1278838126
1447017430
1447897140
2047294818
2206367354
1647478654
1452994580
2246577057
2393737941
2211692901
1454410222
857957626
2254493528
1448667425
2210927199
839779320
1445584998
2094026645
1452372607
1449900867
827874702
1446503051
694315428
2108832360
1453077356
1453024168
693244203
694282342
690112886
2131931459
1433766815
1575116943
788070842
686517666
683695242
2152141065
1442954197
1450645483
703104976
2155186671
1398347334
1450892197
1455039820
752407462
1543954867
686709774
691816174
2174713821
700196923
755748003
1468968678
694287761
1433731241
1428073865
1426403564
1474309388
1473223967
696540155
1526383166
1457474093
741394980
731586558
1543773904
1488555406
1482025360
1479087242
1475413138
713307315
714782858
1485433472
2106904049
1458353897
1492978382
724712110
2253518870
1491355157
1514680363
1522145679
2538497824
1805600147
2353755678
2376171844
2347512518
2839047840
2084678994
2566469075
2535303103
1527827459
1495512233
2858349270
1452715693
1908556976
1916509315
1442381112
1415471886
1906362345
1903341717
1899732083
1413566113
2247596864
1894529084
1415554977
1899483197
1905821327
1414931968
1415962429
916109373
917230079
1410351207
920349606
1413254576
920737305
1415972459
916798681
1416252148
1419437707
1422448306
1420356710
1420536783
1923097546
918315564
920312432
745375366
925081084
1427038376
924263796
435277478
922439819
920539583
1422295264
922576590
1401584137
918684598
1413206954
916615910
915838764
419478475
1414984984
913310600
1403202024
1404301379
1416908767
1413504519
1410267358
1411098098
1897110276
1405850926
1902081477
1900233654
1412585043
910568143
1410614942
907698479
1401335351
1398206533
914727898
911274955
899090738
1395751101
902486016
1396808185
1398435341
1400142593
910626400
1402538236
1409795679
1405342769
918644252
913208078
1411656755
920917723
1405969308
1409172736
1402369049
1896906573
1899672904
1906896920
2392341328
2394641063
1907071407
1909009963
1926803043
1923061566
1427771772
929648310
1437985451
1945933767
1451415022
1453240300
1277540925
1951141267
1447521191
1443451882
1940063768
1945997625
1433711116
1439679038
931520535
1435966390
1425761930
929990469
1419816574
1423218482
1419860106
1432149271
1432235862
1921735067
1918743334
1419014240
1903074700
1916089305
1416856707
926718412
911827232
1908040232
1393708246
1399277019
1400850958
912037721
1399290007
910502605
908873495
1414043779
1404747437
919964179
927925567
927253286
931706099
927819689
924279974
926041148
432989155
942524205
1450558342
944764545
946194954
449867525
699902591
696371779
697420246
939641427
755277529
669344071
917228014
1162327129
1217424533
1464146917
1650667431
1647239159
1895214457
1893818521
1896406778
1653905611
1408264459
1163877310
913026652
662904466
667255019
735828878
731874406
661522970
662551464
663442445
