108019316
95369254
97871681
88194510
96795211
1455126166
640496146
2153546469
757282177
2195844619
2301169424
2288360627
276673405
2228854446
10822122
12930090
2213036222
2253325056
2769379277
588648661
2992395651
2420294120
1037668210
2699432166
2171727272
2187926372
2180809060
109829181
2197587912
2736398062
2963005421
1385324031
777326644
2370892959
2395494874
2404056962
2312246404
2151055451
133535040
2166117971
105896285
2679425494
2136769446
2292820497
2559570460
2354201136
2115910223
2142733137
2151571679
225943896
2749049539
3636353110
1412659890
3237892010
2586759477
2427713607
2465237578
2184343172
254968177
2217501551
6130325
2707291811
3055712527
2287415931
2352744103
2522532499
2427956374
2134703962
2184018067
301529041
1532962
1900754
2593341747
390545002
357654042
1888389
3490695023
3126984138
885266200
37227427
2420647407
2317415780
2463250812
2133859830
2147561346
371050196
42152640
1790791
1386864
2390174
2189238811
393870666
3026192374
2191361877
913872632
100032325
2337963119
2360287426
2456428300
260521895
258945407
8647527
2188051532
122337149
60840106
2184992767
2589414208
2969114567
2149583064
945578856
2280259055
2441846623
2194278873
2131932079
2171863451
365142526
1702958
2533366714
3371443959
1138204022
2271081180
2243337332
245504086
119457674
2427810443
2504862623
2306471954
361199778
2159410460
2466853907
3035465119
1186425770
2304670548
78799132
2183736312
2315648759
293275750
114647244
1893764
1788357
1225652
1774771
2524411087
2385436104
2160154261
175787589
2445051255
3035620465
2238386867
2347436827
327640210
173524977
2176879755
2187610027
2393760598
2175825131
2446360363
3321741227
3175124126
953662299
64507729
2124005201
193379454
207020159
2356717559
2365230856
165632419
1656231
1219482
2389095956
2374136343
137322454
1760225
2436184446
3321207014
2161185820
2200935242
388307366
2347257826
2162932095
2359357720
2189225650
252164945
2426478313
203437193
3376761173
959848169
3275731305
1056623790
73123519
2456323697
169465592
166136929
2274267395
62937489
2314467241
2404995491
2103312694
261353272
2273275016
236378855
1896625690
2073121817
1981047057
2005929409
2169660167
2179166175
293385835
2088094972
185677597
3054601965
1087638285
3075377366
3165575069
2214688639
2276149745
356288892
2177089334
279918232
1646616
2040357610
138077891
2684204023
2852291737
1977579870
1976393198
1877563374
1627284004
360244492
2554474147
2737597201
2441010626
2660540275
2075838519
1903967651
371998603
294834983
288011667
2879122101
2820591085
1096302574
1101185101
2775435915
2804844647
2102020251
1666248775
381019546
2532579585
2753616904
1245617071
1824886457
1957241846
1991505436
2009002435
2905166840
1273788556
926321954
905020427
2748058498
2739055198
160470940
183125453
151072196
2150122696
1943279460
314711149
1976926213
2433438539
915303536
1740410208
1586809942
1164923208
1870898157
1900592120
1965483765
314427715
2510648081
956006177
929669329
2725012816
1068159753
1865437448
1898602324
2129596224
495081684
282489362
296993589
1827730
1921997183
2511897661
982393896
978235114
1771285511
1840072167
1837188655
1626243888
1694801844
441106686
375267559
2570312483
953779912
2709284588
1057229212
1838787006
2133906982
468321239
2194523656
335832630
306010073
2982642
1334018
1689833467
20161172
2504614424
2661763377
1639122714
2089751714
1633196749
1657345518
2557922453
1333846067
1067524456
2728929617
2787303004
188726140
3010442859
436923416
336272996
244547272
245564970
1529725
1690829
2062999084
2251357375
2826016
1322116
2516450
3316075
15406872
2683012088
1072073349
1099011130
2851101406
1158988068
110116840
113292063
1994405740
1845930434
1836533465
1846953903
501063178
450103178
2692095273
815563208
1690177920
949861804
943377762
107402968
1642150259
2053804017
2066202723
1541391642
2361116198
1680198763
1622774504
2033087476
2042281488
2055394170
473768596
465211757
2926933609
2659803625
900192493
904540038
2781819363
62897817
3166339286
406531029
1835067269
301561953
173221883
321157864
1623909236
1515560
1933670
3118083
4310861
1670057
2452994067
2497623742
1598250800
980406430
1582892851
1601187870
1586007177
2294389404
1237396931
753237511
735288622
699519139
1717505
2485379430
2560951609
196366484
2088107673
2323723540
2090448185
470854240
471824516
2656463
1627657568
786341923
793707721
795092474
1712804849
1813939475
122090110
2240211170
2147555905
1582701365
2397657721
1614097748
942387150
1714707968
988232831
2158647994
2086624875
487752121
2067738228
2938529152
901384018
893277082
883645835
819520528
2520416967
1532440
1342001
2351154
1106837
1704559918
10760557
20323732
21519821
1944046108
2066344785
365179205
361763132
2078738535
1681284219
1077687785
1709094798
1160263439
1693781339
60061996
51652873
2451756792
2465164623
794915107
2201257245
885306967
71209100
3138194295
3084344568
2011413747
2365889551
2395562011
1678566202
518948341
2622772016
2558672211
2586160476
3004574651
1385320077
443446047
382461347
2085067517
2090216
1380576
2115700470
2592757280
941389886
904962543
914351019
840302698
2690071902
2575501597
44542277
1941885435
1607097982
1647025583
483383701
1564913974
1568901375
969147609
1628381867
977835359
2079905256
459284771
2086057231
2097710103
2493672999
2640109562
1645500396
1031072325
986711956
2088825841
2076769369
2134419582
2584214920
2598240193
1652172282
2120484673
1422244718
527296288
2066816299
2136793498
61021272
3011904663
2557340144
2636507919
947412226
2187226183
2085525078
601958474
483090217
1668695326
7898846
2506831037
847410977
2557804880
825732087
822130921
2574677223
2199494404
2118199179
1621673555
2479170645
1425050671
1635226830
1703994038
2208863426
2252320642
630186044
578165067
2291337730
2527422732
2524828647
886409201
2584806365
2228921736
605865677
2110611678
1608812562
2441103323
2493975898
2576054840
1008487693
2165770252
2165661284
2090100821
2447530074
2535598521
2628856530
1043029989
2209537242
2153253466
2043659733
2915745881
2515287936
931229601
924810627
2652202098
2128814543
2221648246
513905066
2023578613
2925071107
2538130604
1772659113
1086981760
2021994879
620739508
1980539494
2186506472
548864661
430653490
396818009
1671176
1410608
1586364
5182195
6363534
1714165
1727170
1277398
2576554758
2617515103
2735697056
1689800657
1706976176
1710981545
2443188559
1354827735
776282878
2430704432
2552995961
106231984
104293908
2281271990
3123010880
2355224678
2372028591
1351257832
802804194
805588669
2320112733
1602671
1702694690
2227061310
2116901223
579751130
2232542305
2282182229
1615422063
1771585019
1066872648
943264765
2239738390
590181301
2129254317
414257451
2217549980
64758889
44122836
2404220440
2494505766
1809516896
1998820442
2036533171
1647738521
2365046997
1272117879
781676589
2351320000
2510756337
173832497
2189071013
2922281305
579697996
506449030
342517586
157596474
2219824387
2146051700
2083875917
1900206475
1244420642
1324508494
1388664026
685783074
1949370514
2024470253
693806592
662950634
2559989598
2526454913
1934573037
1954010714
1887867895
1242027192
708121736
659268769
2434640812
1937170952
543248962
1936251323
608986437
2496772949
639589034
1920643679
651339133
591181846
574074942
1935452043
1879850825
546920812
544918020
1961593689
1907707127
594046568
1364330636
633366566
1914439207
1870682673
1937973467
1890238866
1991673678
2461501599
1280200774
1971649941
2037602001
2365210694
2439862861
2332917397
2329577787
2185251689
1406632097
1323883518
986691214
2139720846
2118115106
928647710
2157597394
1975407133
1529338528
1568798561
1640908637
1059239598
1060225984
2063002606
2110531187
2574895290
2072264399
2063118679
2024494148
1432460045
2053258595
2081564174
1094343266
989936818
2450204626
2080718765
992007522
460500601
359231405
345812932
348946990
2575428411
465617307
1677187249
566208023
2007257629
1031716245
1502840102
1618137864
1091772612
989507656
1971662700
2018441812
983501189
458921386
2048512454
2039508028
2037710210
1384571592
1975584999
1750837997
2107624779
1343049307
1051308416
2230830402
984082831
398488022
2263046570
2711781984
1940822068
1455929330
1007063167
1373751417
1031920110
827594449
1936743591
2047846702
2040148894
1472069908
989937684
1934566346
1913087991
1314148095
1199892180
2028903382
944201566
927626848
2021394200
410227614
2440765533
497667003
501362764
389096486
1695437333
593842557
876448811
1171997292
1364320142
1338460092
1055917488
1487564856
1251281296
1715901234
1364001875
1829725743
821002341
700575527
2018237338
1708904210
925552164
1466492878
1477561146
1503236117
1596667830
1480673083
1063046455
830063654
826845683
1923562715
713665116
2159129954
1501954862
1249287978
1142020652
1150076407
1388902982
1505586930
1939829164
1740181718
1392510599
952818130
1863309156
2068083807
1280449488
1748434950
1850245707
1928899526
1717302703
1595455626
1473140615
2033673277
2266018052
1841383145
1492173839
2276475568
1287104822
1171832994
1169269495
734820598
506198715
2278242056
612626006
172031146
167703617
1858844630
1183407617
723715684
965785925
1061692775
818227458
1499277982
1265475698
1515494932
941554198
1612404064
1948746208
1711159683
1572922312
2016907925
1566417688
2234645325
1898298229
2119657103
2326004756
2327324441
1563221635
1033724999
2343230132
1275265551
1163114805
715441977
2352068133
1817004717
1285101527
1396961898
946246583
1481679736
1958088104
1498108330
1286069380
1180338673
1696776416
1792817790
785083809
1491298763
715424853
1464067728
1463978149
1508890649
1321195623
1694535898
1779034757
1005627582
2032151714
2182920973
1784688854
2124741927
2201902178
1483722923
1406235475
1748871305
948364336
788981067
698681188
2282412955
2173182746
697479067
698489521
626975134
624473094
960121977
1311829405
1394805741
704873328
1472437994
1481599926
1479460030
1476285758
1537008433
2099920435
2173921769
1482310080
1716956848
942211562
770150399
2116093989
2196845991
1549390544
2057251755
1329860146
1659172198
1436102558
1437125691
1548910639
2060622315
1654768833
874305595
1533141498
750932730
2062028240
1671148570
1523721802
2124580291
2252569887
1706976597
2129361727
2282605355
1661895545
2286076136
2867677044
2258104921
2306646478
2284227202
2267252911
2267380604
1512080017
1491789668
904961626
2301941878
1288669555
2285604581
708163415
682445910
684014034
1522264324
1549902940
1509464059
1342001797
1611282328
1523425036
1669028373
2240007748
2228844487
2271630378
2285292641
1453926565
1442135669
686876134
2335519722
1502789399
1440284363
732275548
1430022562
1475011170
1434470962
1441747395
700456828
684098289
680685982
2201335465
1446146453
2230403519
1471479425
1472353429
1472971120
2218074771
2219944883
1457963894
2219194360
1437540070
2805571474
1448711828
2213390065
1457190437
1442702179
690521051
686941285
1448951101
1441967279
1461394097
694201845
703631908
1774344004
1777772276
1783556039
1766857498
2532546154
2544409932
2508415972
2515831047
2507319191
1425086770
1250856936
2520700167
677993957
1415904167
1433855926
2192901423
693962462
684595246
683358170
684551555
682975027
1707065
3836495
1430970003
1439242924
773023220
1442087316
1450801845
1554900266
1487546767
2195162104
2198281843
1468114988
1452199378
2254990085
801174225
2130710431
1458658690
1468065037
1452394375
2106993903
1459601968
1608226675
2094257201
2224509418
1451596820
2254933077
863625892
2220607909
2099662081
1304361410
1623901389
862633136
1447588560
1283272243
1282613831
2210201414
679411284
675726164
517866969
517193178
1673019
1592592956
1413333892
646060436
649624494
653472689
654506330
770005915
836563698
513713077
114413346
111036714
1418196274
1460685298
802504227
879131033
1466317044
1286281739
1467594533
1461026917
2041800085
1361592832
1352515019
1292653596
2157529587
802652379
1646145284
691627440
107909573
102119969
1465247147
1477576350
705084823
875152336
1463119263
1472403549
1475938689
1470968023
884073561
2074366818
2174628092
1539424833
2174461360
2221508878
1460382091
1714087638
2238869945
2305778034
1625104199
2433321237
950411383
841336015
2422978086
1416821171
699396804
2327153270
696573276
1596552917
692171245
690906885
1419227231
714248457
1454312808
833542684
1505203733
1393179452
1504850280
1507677729
829259971
2049048328
1610100978
2157984190
2192058783
2149773590
1659667214
1555433375
2318459548
1519797841
2337780548
1461446788
2184637252
745438907
744038714
721325300
89112813
86419420
2223676880
1503043543
805767338
738440564
1430084193
1347162399
1435180988
1526227278
2123051998
2179863516
1386605305
1658469257
2195642115
1474908967
1406326234
2143113794
1652999525
2085555595
1324300782
1256210739
1502861706
1571600358
1480592072
1494327203
1336274174
750585507
1645952110
2241336053
1508857281
1368628552
1643173759
857692117
843711679
828226028
2251951666
1502903659
702399138
1485243116
1457780522
1480977469
1482187224
1490389263
871664250
2094742328
2102859973
1469695323
1325450798
1646037367
1460016332
1291370942
1289612572
1466231692
695905623
687765900
691814022
520261261
1442387150
67180574
1420919294
666455638
667582453
759413677
816923072
815854270
1436505275
1297938190
703253840
1528123872
788596644
1461791466
1466300888
1318999055
1486279810
1485982499
858699323
1487920283
1579870259
1423217463
1540861209
2177655365
1400967924
1574542316
1622991173
2114598430
2185749169
1622157081
1468372744
2174968506
2247909151
1478206002
1607289848
2267609295
2194498450
1597557697
2195365059
2200905362
1489477226
2244203283
1478673408
2283775930
2272692050
1599299556
2224957954
2240755282
1494442286
1468607890
1463456977
784228594
717430784
684557576
8737811
1596859551
2698875
2111672348
781224800
783241259
1309153577
1307447471
1557492017
1560204309
2072777108
2296313687
2246232291
1466342272
940804495
2274775495
1228256614
1229256455
713141879
2212436481
675919885
675198360
665984401
1693557289
1250164257
700083213
900042895
911926800
701099522
692588096
696535275
689046648
1474151940
698031319
503635904
893189119
1481687339
1279108722
1447197358
1448055912
2047574881
2206594540
1647680913
1453164181
2246875531
2394047654
2211909744
1454536585
858166950
2254716684
1448967468
2211056547
839947026
1445764274
2094326667
1452609883
1450133257
828043030
1446702533
694452184
2109016640
1453376895
1453211436
693411048
694416155
690247865
2132104097
1434076024
1575356405
788302450
686687148
683889776
2152410802
1443145193
1450815874
703325630
2155420751
1398531737
1451044508
1455253134
752632914
1544141775
686912138
691960759
2174959100
700357354
755962391
1469220959
694420989
1433983144
1428224323
1426591937
1474571776
1473375965
696766489
1526563151
1457577556
741521404
731721333
1543904100
1488659251
1482259365
1479191564
1475525531
713433605
714885472
1485626943
2107029341
1458453519
1493198527
724848568
2253690659
1491513076
1514819381
1522262425
2538690033
1805767994
2353915420
2376315922
2347652325
2839262576
2084852474
2566628104
2535446356
1527975153
1495638307
2858601091
1453018770
1908726174
1916653011
1442522812
1415671188
1906533909
1903512338
1899844782
1413769859
2247816582
1894644607
1415674301
1899738847
1906025654
1415042370
1416096752
916215457
917438578
1410625736
920523514
1413560687
920959153
1416129878
916982294
1416409567
1419646904
1422543295
1420561008
1420655899
1923216973
918507122
920424203
745561646
925290427
1427195211
924439605
435398815
922631351
920661631
1422412940
922692868
1401839588
918832185
1413308223
916716073
915938483
419740251
1415176351
913429792
1403384251
1404406233
1417100581
1413609023
1410361717
1411207801
1897296195
1405989806
1902187376
1900489770
1412752455
910706661
1410723537
907798745
1401512602
1398302289
914845805
911384964
899321685
1395849903
902582929
1396994369
1398611996
1400267396
910741094
1402686369
1409943044
1405453773
918831876
913307644
1411837959
921046976
1406256026
1409285125
1402620907
1897101720
1899963200
1907050310
2392495600
2394764048
1907296100
1909113176
1927054550
1923164561
1427874349
929859377
1438448734
1946310025
1451595393
1453371994
1277668972
1951349679
1447652889
1443543862
1940232841
1946100203
1433810014
1439812487
931621477
1436183656
1425883030
930092670
1420074642
1423379333
1420042624
1432454412
1432334446
1922048569
1918855521
1419120243
1903336951
1916231199
1416963550
926937026
912025286
1908316699
1393921159
1399490924
1401076150
912247542
1399489884
910699527
909053583
1414280291
1404932842
920094748
928161631
927557643
931915055
928012994
924425292
926220909
433210289
942714114
1450665121
944879217
946313014
449987636
700098655
696473042
697513175
939790574
755409898
669546022
917418838
1162471753
1217584271
1464317180
1650843566
1647346472
1895387229
1893990149
1896509285
1654027597
1408406861
1163993827
913151324
663055576
667455878
736095453
732166125
661696105
662661941
663535302
